Amphicyonidae	Canidae	Felidae	FeliformiaOther	Hyaenidae	Musteloidea	Ursidae	Viverridae	LogBodyMass	Eurasia	NAmerica	Temperature	Humans
0	0	1	0	0	0	0	0	1.30687386930458	1	0	1.25567411260015	0
0	0	0	0	0	1	0	0	-0.686675348315215	0	1	0.829857591963752	0
0	0	0	0	1	0	0	0	0.668720072004614	1	0	1.25567411260015	0
1	0	0	0	0	0	0	0	1.53884177058711	0	1	0.829857591963752	0
0	0	0	0	0	1	0	0	-1.09995128624525	1	0	1.25567411260015	0
0	1	0	0	0	0	0	0	1.32156804019159	0	1	0.829857591963752	0
0	0	0	1	0	0	0	0	0.373559669391706	1	0	1.25567411260015	0
1	0	0	0	0	0	0	0	2.13565185045742	1	0	1.25567411260015	0
0	0	0	0	0	0	1	0	1.62516249968089	1	0	1.25567411260015	0
0	0	0	0	0	0	1	0	1.88737435361807	1	1	1.13438348486155	0
0	0	0	0	0	0	1	0	1.34517433071751	1	0	1.25567411260015	0
0	0	0	0	0	0	1	0	1.39539884382359	1	0	1.25567411260015	0
0	0	0	0	0	1	0	0	-0.472524364952627	1	0	1.25567411260015	0
1	0	0	0	0	0	0	0	1.51102746544027	1	0	1.25567411260015	0
0	0	0	1	0	0	0	0	2.07997017163809	1	0	1.25567411260015	0
0	0	0	0	0	1	0	0	-0.0354716452181147	1	0	1.25567411260015	0
0	0	0	0	1	0	0	0	1.56999540958048	1	0	1.25567411260015	0
0	0	0	0	0	1	0	0	-0.453543554962921	1	1	1.13438348486155	0
0	1	0	0	0	0	0	0	-0.476228893607151	1	1	1.13438348486155	0
0	0	0	0	0	1	0	0	-1.09361020919313	1	0	1.25567411260015	0
0	0	0	0	0	1	0	0	-0.542392001803643	1	1	1.13438348486155	0
1	0	0	0	0	0	0	0	1.87901293618559	1	1	1.13438348486155	0
1	0	0	0	0	0	0	0	2.00921733134206	1	0	1.25567411260015	0
0	0	1	0	0	0	0	0	1.64733343785567	1	1	1.13438348486155	0
0	0	0	0	0	1	0	0	-0.672298297408906	1	0	1.25567411260015	0
0	0	0	0	0	1	0	0	-1.24186314038244	1	0	1.25567411260015	0
0	0	0	0	0	1	0	0	0.230067720042482	1	0	1.25567411260015	0
0	0	0	0	0	0	0	1	-0.0498060221144972	1	0	1.25567411260015	0
0	0	0	0	0	0	1	0	1.78605086579252	0	1	0.829857591963752	0
0	0	0	0	0	0	0	1	-0.942012607929943	1	0	1.25567411260015	0
0	0	0	0	0	1	0	0	-0.157843825571547	1	1	1.13438348486155	0
0	0	0	0	0	1	0	0	-0.325764522581853	0	1	0.829857591963752	0
0	0	0	0	0	1	0	0	-0.25694059744332	1	0	1.25567411260015	0
0	0	0	0	0	0	1	0	1.91190650693172	0	1	0.829857591963752	0
0	0	0	0	0	1	0	0	-0.859913723698958	0	1	0.829857591963752	0
0	0	0	1	0	0	0	0	-0.976673919137835	1	0	1.25567411260015	0
0	0	0	0	0	0	1	0	0.587093293769647	1	0	1.25567411260015	0
0	0	0	0	0	1	0	0	-1.76926881184899	1	0	1.25567411260015	0
0	0	0	1	0	0	0	0	1.4967182582658	1	1	1.13438348486155	0
0	0	0	0	0	1	0	0	-1.29368808238664	0	1	0.829857591963752	0
0	0	0	0	0	1	0	0	-1.0221466303911	0	1	0.829857591963752	0
0	0	0	0	0	1	0	0	-1.434267049219	0	1	0.829857591963752	0
0	0	0	0	0	1	0	0	-0.176130102355044	0	1	0.829857591963752	0
0	0	0	0	0	1	0	0	-0.0214887214590104	1	0	1.25567411260015	0
0	1	0	0	0	0	0	0	0.943593578106302	0	1	0.829857591963752	0
0	0	0	0	0	1	0	0	-0.860855928499215	0	1	0.829857591963752	0
0	0	0	0	0	1	0	0	-1.43211082204758	0	1	0.829857591963752	0
0	0	0	0	0	1	0	0	-0.33916465842068	0	1	0.829857591963752	0
0	0	0	0	0	1	0	0	-1.73394683812784	0	1	0.829857591963752	0
0	0	0	0	0	1	0	0	-1.24075677922848	1	0	1.25567411260015	0
0	0	0	0	0	1	0	0	-1.5010988927266	0	1	0.829857591963752	0
0	0	0	0	0	1	0	0	-0.383865353982256	0	1	0.829857591963752	0
0	1	0	0	0	0	0	0	0.286926172660097	1	1	1.13438348486155	0
0	0	1	0	0	0	0	0	0.0777323234692196	1	0	1.25567411260015	0
0	1	0	0	0	0	0	0	0.576522505383438	0	1	0.829857591963752	0
0	0	0	0	0	0	1	0	0.775455476738669	1	1	1.13438348486155	0
0	1	0	0	0	0	0	0	-0.452405327655442	0	1	0.829857591963752	0
0	0	0	0	0	1	0	0	-1.24040133575467	0	1	0.829857591963752	0
0	0	0	0	0	1	0	0	-2.02805314348151	0	1	0.829857591963752	0
0	0	0	0	1	0	0	0	0.994868790784681	1	1	1.13438348486155	0
0	1	0	0	0	0	0	0	0.661113922145065	0	1	0.829857591963752	0
0	0	0	0	0	1	0	0	-1.13381407336469	1	0	1.25567411260015	0
0	0	0	0	0	1	0	0	-1.22485759499213	0	1	0.829857591963752	0
0	1	0	0	0	0	0	0	-0.727379260458517	0	1	0.829857591963752	0
1	0	0	0	0	0	0	0	2.4001715424926	1	0	1.25567411260015	0
0	0	0	0	0	1	0	0	-0.911438012726673	0	1	0.829857591963752	0
0	0	0	0	1	0	0	0	1.28607752040546	1	1	1.13438348486155	0
0	0	0	1	0	0	0	0	0.339951738663301	0	1	0.829857591963752	0
0	1	0	0	0	0	0	0	0.104804379146028	1	1	1.13438348486155	0
0	1	0	0	0	0	0	0	-1.2853800723377	0	1	0.829857591963752	0
0	1	0	0	0	0	0	0	-0.29823540144586	0	1	0.829857591963752	0
1	0	0	0	0	0	0	0	1.0370198464205	1	1	1.13438348486155	0
0	0	0	0	0	0	0	1	-0.523893160455252	1	0	1.25567411260015	0
0	1	0	0	0	0	0	0	-0.039055437316151	1	0	1.25567411260015	0
0	0	0	0	0	1	0	0	-0.864951550354429	1	0	1.25567411260015	0
1	0	0	0	0	0	0	0	1.01365592536892	0	1	0.829857591963752	0
1	0	0	0	0	0	0	0	0.433724135402453	0	1	0.829857591963752	0
1	0	0	0	0	0	0	0	1.21938662051355	0	1	0.829857591963752	0
0	1	0	0	0	0	0	0	-0.342512296176713	0	1	0.829857591963752	0
0	0	0	1	0	0	0	0	0.960078129603739	1	0	1.25567411260015	0
0	0	0	0	0	0	1	0	0.936761815121021	1	0	1.25567411260015	0
0	0	1	0	0	0	0	0	1.45522536847649	1	1	1.13438348486155	0
0	0	0	0	0	1	0	0	-0.856294824307102	0	1	0.829857591963752	0
0	1	0	0	0	0	0	0	0.965772761318089	0	1	0.829857591963752	0
0	0	0	0	0	1	0	0	-0.851265857398909	0	1	0.829857591963752	0
0	0	0	0	0	1	0	0	-0.60866955184873	0	1	0.829857591963752	0
0	0	0	0	0	1	0	0	-0.253095376668628	1	0	1.25567411260015	0
0	0	0	0	0	1	0	0	0.163770812275833	1	1	1.13438348486155	0
0	0	0	0	0	1	0	0	-0.613611635795954	1	0	1.25567411260015	0
0	0	0	0	0	1	0	0	0.661035387319141	1	0	1.25567411260015	0
0	0	0	0	0	1	0	0	0.10548654146965	0	1	0.829857591963752	0
0	1	0	0	0	0	0	0	0.844368647636117	0	1	0.829857591963752	0
0	0	0	0	0	1	0	0	0.109527730734679	1	1	1.13438348486155	0
0	1	0	0	0	0	0	0	1.01230379314612	0	1	0.829857591963752	0
0	0	1	0	0	0	0	0	2.21867639402583	1	0	1.25567411260015	0
0	0	0	0	0	0	0	1	-0.832534833036745	1	0	1.25567411260015	0
0	1	0	0	0	0	0	0	-0.107727530209355	1	1	1.13438348486155	0
0	1	0	0	0	0	0	0	0.427287269542879	0	1	0.829857591963752	0
0	1	0	0	0	0	0	0	-0.0150588487845848	0	1	0.829857591963752	0
0	0	1	0	0	0	0	0	-0.402844813633418	1	1	1.13438348486155	0
0	0	0	0	0	1	0	0	0.257182247623156	0	1	0.829857591963752	0
0	1	0	0	0	0	0	0	0.593581557348831	0	1	0.829857591963752	0
0	0	0	0	0	1	0	0	0.686581367490923	0	1	0.829857591963752	0
0	0	0	0	0	1	0	0	-1.03580784118654	1	0	1.25567411260015	0
0	0	0	0	0	1	0	0	0.443436639727143	1	0	1.25567411260015	0
0	1	0	0	0	0	0	0	1.62929156868463	1	0	1.25567411260015	0
1	0	0	0	0	0	0	0	-0.0489909676564967	1	0	1.25567411260015	0
0	0	0	0	0	1	0	0	-1.67900382743263	1	0	1.25567411260015	0
0	0	0	0	0	1	0	0	0.278327810358799	1	1	1.13438348486155	0
0	0	0	0	0	1	0	0	0.98591694233765	1	0	1.25567411260015	0
1	0	0	0	0	0	0	0	0.94569705280643	1	0	1.25567411260015	0
1	0	0	0	0	0	0	0	0.844741015891142	1	0	1.25567411260015	0
0	0	0	0	0	0	1	0	0.884849018455224	1	0	1.25567411260015	0
0	0	0	0	0	0	1	0	1.22802628864389	1	1	1.13438348486155	0
0	0	0	1	0	0	0	0	-1.08267955716037	1	0	1.25567411260015	0
0	0	0	0	0	0	0	1	-0.903837076848465	1	0	1.25567411260015	0
0	0	0	0	0	0	0	1	0.201848411646293	1	0	1.25567411260015	0
0	0	1	0	0	0	0	0	1.71783605187238	1	1	1.13438348486155	0
0	0	0	0	0	1	0	0	0.0334169469824893	1	1	1.13438348486155	0
0	0	0	0	1	0	0	0	0.774024278311452	1	0	1.25567411260015	0
0	0	0	0	0	0	1	0	0.0794573371928981	1	0	1.25567411260015	0
0	0	0	0	1	0	0	0	0.559674159819958	1	0	1.25567411260015	0
0	0	0	0	1	0	0	0	0.271134200970816	1	0	1.25567411260015	0
0	0	0	0	1	0	0	0	0.542317143490669	1	0	1.25567411260015	0
0	0	0	0	0	1	0	0	-0.803531710784981	0	1	0.829857591963752	0
0	0	0	0	0	1	0	0	-0.378784338439204	1	0	1.25567411260015	0
1	0	0	0	0	0	0	0	0.584553126032591	1	0	1.25567411260015	0
0	0	0	0	1	0	0	0	0.243859296670935	1	0	1.25567411260015	0
0	0	0	0	0	0	1	0	2.04764054796059	1	1	1.13438348486155	0
0	0	0	0	0	1	0	0	-0.26885845765852	1	0	1.25567411260015	0
1	0	0	0	0	0	0	0	1.89946832068567	0	1	0.829857591963752	0
0	0	0	0	0	0	0	1	-1.22744398645838	1	0	1.25567411260015	0
0	0	0	0	0	0	1	0	1.43229647818594	0	1	0.829857591963752	0
0	0	0	0	0	0	1	0	1.74759066165103	1	0	1.25567411260015	0
0	0	0	0	0	1	0	0	-0.404443056398318	1	0	1.25567411260015	0
0	0	0	0	0	1	0	0	-0.298430557832922	1	0	1.25567411260015	0
0	0	0	0	0	1	0	0	-0.739142682519673	0	1	0.829857591963752	0
0	0	1	0	0	0	0	0	-0.704390513074594	0	1	0.829857591963752	0
0	0	0	0	0	1	0	0	-0.631227978510756	1	1	1.13438348486155	0
0	1	0	0	0	0	0	0	-0.713968282946352	0	1	0.829857591963752	0
0	0	0	0	0	0	0	1	-1.39311766245534	1	0	1.25567411260015	0
0	0	0	0	0	1	0	0	-0.256611301501684	1	1	1.13438348486155	0
0	0	0	0	0	1	0	0	-0.21575351341462	0	1	0.829857591963752	0
0	0	0	0	0	0	0	1	-0.611840207685399	1	0	1.25567411260015	0
0	0	0	0	0	1	0	0	-0.120358854590022	1	1	1.13438348486155	0
0	0	0	0	0	1	0	0	0.0929335083864557	1	0	1.25567411260015	0
0	0	0	0	0	1	0	0	-0.389830942151099	0	1	0.829857591963752	0
0	0	0	0	0	1	0	0	-0.0423505478897191	1	0	1.25567411260015	0
0	0	0	0	1	0	0	0	0.0611605108730075	1	0	1.25567411260015	0
0	1	0	0	0	0	0	0	0.730547921835425	1	0	1.25567411260015	0
0	0	0	0	1	0	0	0	0.818229878474174	1	0	1.25567411260015	0
0	0	1	0	0	0	0	0	-0.0804096212578605	1	1	1.13438348486155	0
0	0	1	0	0	0	0	0	0.86839486359488	1	1	1.13438348486155	0
1	0	0	0	0	0	0	0	1.45320878362573	1	0	1.25567411260015	0
0	0	0	0	0	1	0	0	-0.374027559371468	1	0	1.25567411260015	0
1	0	0	0	0	0	0	0	2.3213863744308	1	0	1.25567411260015	0
1	0	0	0	0	0	0	0	1.40610983934915	0	1	0.829857591963752	0
0	0	0	0	0	1	0	0	-0.574496398599547	1	0	1.25567411260015	0
0	0	0	0	0	1	0	0	-1.18940547640541	1	1	1.13438348486155	0
0	0	0	0	0	1	0	0	-1.60194341365729	0	1	0.829857591963752	0
0	0	0	0	0	1	0	0	-1.24387134035848	1	0	1.25567411260015	0
0	0	0	0	0	1	0	0	0.201871443163228	1	0	1.25567411260015	0
0	0	0	0	0	1	0	0	-0.0372264203497067	0	1	0.829857591963752	0
0	0	1	0	0	0	0	0	1.17303090775919	1	1	1.13438348486155	0
0	0	0	0	0	0	0	1	-0.421536125405679	1	0	1.25567411260015	0
1	0	0	0	0	0	0	0	2.06317904014223	1	0	1.25567411260015	0
0	0	0	0	0	1	0	0	-0.105062000347253	1	0	1.25567411260015	0
0	0	0	0	0	1	0	0	-0.983592613918571	1	0	1.25567411260015	0
0	0	0	0	0	1	0	0	-0.140252745837597	1	0	1.25567411260015	0
0	0	0	0	0	1	0	0	-0.615425029862447	1	0	1.25567411260015	0
0	0	0	0	0	1	0	0	-1.16293813190817	1	0	1.25567411260015	0
0	0	0	0	0	0	1	0	1.30381108628869	1	0	1.25567411260015	0
0	0	0	0	0	1	0	0	-1.20996600356057	0	1	0.829857591963752	0
0	1	0	0	0	0	0	0	-0.510443351373439	0	1	0.829857591963752	0
0	0	1	0	0	0	0	0	1.04180206334437	1	1	1.13438348486155	0
0	1	0	0	0	0	0	0	-0.164513509652895	0	1	0.829857591963752	0
0	1	0	0	0	0	0	0	-0.331436571071764	0	1	0.829857591963752	0
0	1	0	0	0	0	0	0	0.279084218751229	0	1	0.829857591963752	0
0	0	0	0	1	0	0	0	1.34132213749183	1	0	1.25567411260015	0
0	0	1	0	0	0	0	0	1.55253780999813	1	0	1.25567411260015	0
0	0	0	0	0	0	1	0	0.901107660043318	1	0	1.25567411260015	0
0	0	0	0	0	1	0	0	-1.91860723702976	0	1	0.829857591963752	0
0	0	0	0	0	1	0	0	-0.414628379106947	1	1	1.13438348486155	0
0	0	1	0	0	0	0	0	0.859369385328672	0	1	0.829857591963752	0
0	0	0	0	0	1	0	0	-1.94530294564592	1	1	1.13438348486155	0
0	0	0	0	0	1	0	0	-0.824120346344603	1	0	1.25567411260015	0
0	0	0	0	0	1	0	0	-0.626836393944945	0	1	0.829857591963752	0
0	0	0	0	0	1	0	0	-0.658304971702729	0	1	0.829857591963752	0
0	0	1	0	0	0	0	0	0.390796233393311	1	0	1.25567411260015	0
0	0	0	0	0	1	0	0	-1.39177906966373	0	1	0.829857591963752	0
0	0	1	0	0	0	0	0	1.3934973182707	0	1	0.829857591963752	0
0	0	0	1	0	0	0	0	0.399118449408295	1	1	1.13438348486155	0
0	1	0	0	0	0	0	0	-0.227649210494379	1	0	1.25567411260015	0
0	0	0	0	0	1	0	0	-0.473409987070309	1	1	1.13438348486155	0
0	1	0	0	0	0	0	0	0.324689916745857	0	1	0.829857591963752	0
0	0	0	0	0	1	0	0	-1.47096245977	0	1	0.829857591963752	0
0	0	0	0	1	0	0	0	1.6600640256049	1	0	1.25567411260015	0
0	0	0	0	0	0	0	1	-0.551316921617355	1	0	1.25567411260015	0
0	0	0	1	0	0	0	0	-0.899218629387647	1	1	1.13438348486155	0
0	0	0	0	1	0	0	0	0.389323170748288	1	0	1.25567411260015	0
0	0	0	0	0	1	0	0	0.0598757374052293	1	0	1.25567411260015	0
0	0	0	0	0	1	0	0	-0.936597218051743	1	0	1.25567411260015	0
0	0	1	0	0	0	0	0	1.34674447605009	1	1	1.13438348486155	0
0	0	0	0	0	1	0	0	-0.268726518152606	0	1	0.829857591963752	0
0	1	0	0	0	0	0	0	0.26305735372091	0	1	0.829857591963752	0
1	0	0	0	0	0	0	0	-0.466131695064604	0	1	0.829857591963752	0
0	0	0	0	0	0	0	1	-0.81420238070072	1	0	1.25567411260015	0
0	1	0	0	0	0	0	0	0.527064093065824	0	1	0.829857591963752	0
0	0	0	0	0	1	0	0	-0.97239505485845	1	0	1.25567411260015	0
0	0	0	0	1	0	0	0	0.52754603826807	1	0	1.25567411260015	0
0	0	0	0	0	1	0	0	-0.414824100546936	1	1	1.13438348486155	0
0	0	0	0	0	1	0	0	-0.10627571703228	1	0	1.25567411260015	0
0	0	1	0	0	0	0	0	1.26886005160329	1	1	1.13438348486155	0
0	0	0	0	0	1	0	0	-0.805315229363608	1	0	1.25567411260015	0
0	0	0	0	0	1	0	0	0.206926603195829	1	0	1.25567411260015	0
0	0	0	0	0	1	0	0	-0.0235143011734952	0	1	0.829857591963752	0
0	0	0	0	0	1	0	0	-0.876024124413507	0	1	0.829857591963752	0
0	0	0	0	0	1	0	0	-0.159027011086821	0	1	0.829857591963752	0
0	0	0	0	0	1	0	0	-0.891287578130622	1	1	1.13438348486155	0
0	1	0	0	0	0	0	0	0.62491360298612	0	1	0.829857591963752	0
0	1	0	0	0	0	0	0	0.399493457386779	0	1	0.829857591963752	0
0	0	0	0	0	1	0	0	-0.58744860990094	0	1	0.829857591963752	0
0	0	0	1	0	0	0	0	0.762897561118979	1	0	1.25567411260015	0
0	0	0	0	0	1	0	0	-0.662809918579851	1	0	1.25567411260015	0
0	1	0	0	0	0	0	0	-0.390317432316401	0	1	0.829857591963752	0
0	0	0	0	0	0	1	0	1.500864681192	1	1	1.13438348486155	0
0	0	0	0	0	0	1	0	0.154451007728654	1	1	1.13438348486155	0
0	0	0	0	0	1	0	0	-0.859786411561718	1	0	1.25567411260015	0
0	0	0	0	0	1	0	0	-1.20657457448561	1	0	1.25567411260015	0
0	0	0	0	0	1	0	0	0.636406353809282	1	1	1.13438348486155	0
0	0	0	0	1	0	0	0	0.820169737621611	1	0	1.25567411260015	0
1	0	0	0	0	0	0	0	1.79647405655499	0	1	0.829857591963752	0
0	0	0	0	0	1	0	0	-1.41751696155663	0	1	0.829857591963752	0
0	0	0	0	0	0	1	0	1.50760425216828	1	1	1.13438348486155	0
0	0	0	0	0	1	0	0	-1.34295261111664	0	1	0.829857591963752	0
0	0	0	0	0	1	0	0	-1.0130567539834	0	1	0.829857591963752	0
0	0	0	0	1	0	0	0	-0.23957994527788	1	0	1.25567411260015	0
0	0	0	0	0	0	1	0	1.07675544972242	1	1	1.13438348486155	0
0	0	0	1	0	0	0	0	0.964334924725613	1	1	1.13438348486155	0
0	0	0	0	0	1	0	0	-1.05857127207275	1	0	1.25567411260015	0
0	0	0	0	0	1	0	0	-0.302640496673377	1	0	1.25567411260015	0
0	0	0	0	0	1	0	0	-0.768477358050195	0	1	0.829857591963752	0
0	0	1	0	0	0	0	0	-0.457329131938134	1	0	1.25567411260015	0
0	0	0	0	0	0	0	1	-1.73331842299255	1	0	1.25567411260015	0
0	0	1	0	0	0	0	0	0.344477633466838	1	0	1.25567411260015	0
0	0	0	0	0	1	0	0	-0.73514793191436	0	1	0.829857591963752	0
0	0	1	0	0	0	0	0	0.0680339974486415	1	0	1.25567411260015	0
0	0	0	0	0	1	0	0	-0.405794322321775	0	1	0.829857591963752	0
0	0	0	0	0	1	0	0	-0.373105866631223	0	1	0.829857591963752	0
0	0	0	0	0	0	0	1	-0.864381492518336	1	0	1.25567411260015	0
0	0	0	0	0	1	0	0	-0.310723458986705	0	1	0.829857591963752	0
0	0	1	0	0	0	0	0	0.10439300136694	1	0	1.25567411260015	0
0	0	0	0	0	1	0	0	-0.66085876647765	1	0	1.25567411260015	0
0	0	0	0	0	1	0	0	-0.972946731212748	1	0	1.25567411260015	0
0	0	0	0	0	1	0	0	-1.20339429791325	1	0	1.25567411260015	0
0	0	0	1	0	0	0	0	0.287846307639798	1	0	1.25567411260015	0
0	0	0	0	0	1	0	0	-1.50152523177128	1	0	1.25567411260015	0
0	1	0	0	0	0	0	0	0.710316748811619	0	1	0.829857591963752	0
0	0	0	0	1	0	0	0	-0.336285650947754	1	0	1.25567411260015	0
0	1	0	0	0	0	0	0	0.269129575137647	0	1	0.829857591963752	0
0	1	0	0	0	0	0	0	-0.198071149978109	0	1	0.829857591963752	0
0	0	0	0	0	1	0	0	-1.28025151325341	0	1	0.829857591963752	0
0	0	0	0	0	1	0	0	0.295868614041464	1	0	1.25567411260015	0
0	1	0	0	0	0	0	0	-0.483144226190053	0	1	0.829857591963752	0
0	0	1	0	0	0	0	0	0.0391133832605024	1	1	1.13438348486155	0
0	0	0	1	0	0	0	0	1.18723044356517	1	0	1.25567411260015	0
1	0	0	0	0	0	0	0	0.768088558177543	1	0	1.25567411260015	0
1	0	0	0	0	0	0	0	2.00280793106557	1	1	1.13438348486155	0
0	0	0	0	0	1	0	0	-0.425964206746788	0	1	0.829857591963752	0
0	0	1	0	0	0	0	0	0.450436234353872	1	1	1.13438348486155	0
0	0	0	0	0	1	0	0	-0.7317207244933	1	0	1.25567411260015	0
0	0	1	0	0	0	0	0	1.1816693230829	0	1	0.829857591963752	0
0	0	0	0	0	1	0	0	-0.371754905234931	1	0	1.25567411260015	0
0	0	0	0	0	1	0	0	0.388355768055268	1	0	1.25567411260015	0
0	0	0	1	0	0	0	0	1.18453709143103	1	0	1.25567411260015	0
0	0	0	0	0	1	0	0	-0.545678913970391	1	0	1.25567411260015	0
0	0	0	0	0	1	0	0	-0.0147898132412272	0	1	0.829857591963752	0
0	0	0	0	0	0	0	1	-0.223487536642888	1	0	1.25567411260015	0
0	0	0	0	0	1	0	0	-1.63663707335643	1	0	1.25567411260015	0
0	0	0	0	0	0	0	1	-0.917667013294099	1	0	1.25567411260015	0
0	0	0	1	0	0	0	0	-1.40854616929095	1	0	1.25567411260015	0
0	0	0	0	0	1	0	0	-0.400373167548846	1	0	1.25567411260015	0
0	0	0	0	0	1	0	0	0.413444192617038	1	1	1.13438348486155	0
0	0	0	0	0	1	0	0	-0.741216585257774	1	0	1.25567411260015	0
0	0	0	0	0	0	0	1	-0.767512208954223	1	0	1.25567411260015	0
0	0	0	0	0	1	0	0	0.0302729643927065	1	0	1.25567411260015	0
0	0	1	0	0	0	0	0	1.79758711290182	0	1	0.829857591963752	0
0	0	0	0	0	1	0	0	-2.05343292972815	0	1	0.829857591963752	0
0	0	0	0	0	1	0	0	-2.04079482768669	0	1	0.829857591963752	0
0	0	0	1	0	0	0	0	-0.879110926717061	1	0	1.25567411260015	0
0	0	0	0	0	1	0	0	-0.696177069833495	1	1	1.13438348486155	0
0	0	0	0	0	1	0	0	-0.650496634842123	1	0	1.25567411260015	0
0	0	0	0	0	1	0	0	-0.473177476860053	0	1	0.829857591963752	0
0	0	0	0	0	1	0	0	-0.665736874466717	1	0	1.25567411260015	0
1	0	0	0	0	0	0	0	0.640773599996797	0	1	0.829857591963752	0
0	1	0	0	0	0	0	0	0.300949888179725	0	1	0.829857591963752	0
0	0	0	0	0	1	0	0	-0.296357998014404	1	0	1.25567411260015	0
0	0	0	0	1	0	0	0	0.450932021571083	1	0	1.25567411260015	0
0	0	0	0	0	0	1	0	1.39431356318885	1	0	1.25567411260015	0
0	1	0	0	0	0	0	0	-0.098102085471646	0	1	0.829857591963752	0
0	1	0	0	0	0	0	0	0.720410907692485	1	0	1.25567411260015	0
0	0	0	0	0	1	0	0	-1.91205986177765	0	1	0.829857591963752	0
0	1	0	0	0	0	0	0	0.328928248550319	0	1	0.829857591963752	0
0	0	0	0	0	0	1	0	1.60078711900522	0	1	0.829857591963752	0
0	0	0	0	0	1	0	0	-0.546675828868586	0	1	0.829857591963752	0
0	0	0	0	0	1	0	0	-1.35443814678331	1	0	1.25567411260015	0
0	0	0	0	0	1	0	0	-0.716233138412721	1	0	1.25567411260015	0
0	0	0	0	0	1	0	0	-0.334993571834936	1	0	1.25567411260015	0
0	0	0	0	0	1	0	0	-0.199602705417788	1	0	1.25567411260015	0
0	1	0	0	0	0	0	0	-0.730359422188298	0	1	0.829857591963752	0
0	0	0	0	0	0	1	0	1.00898474276426	1	1	1.13438348486155	0
0	0	0	0	0	0	1	0	0.576037772558836	1	0	1.25567411260015	0
0	0	0	0	0	0	1	0	1.622851850496	1	1	1.13438348486155	0
0	0	1	0	0	0	0	0	0.593420762825583	1	0	1.25567411260015	0
0	0	0	1	0	0	0	0	-1.18342450175921	1	0	1.25567411260015	0
0	0	1	0	0	0	0	0	-0.97920280868806	1	0	1.25567411260015	0
0	0	0	0	0	0	0	1	-1.03460636293482	1	0	1.25567411260015	0
0	0	0	0	0	1	0	0	-0.348277118744525	1	0	1.25567411260015	0
0	0	0	0	0	0	0	1	-0.0811491162537357	1	0	1.25567411260015	0
0	0	0	0	0	0	0	1	-1.00477812618463	1	0	1.25567411260015	0
0	0	0	0	0	0	0	1	-0.787265652201924	1	0	1.25567411260015	0
0	0	0	0	0	1	0	0	-1.7409103128702	1	0	1.25567411260015	0
0	1	0	0	0	0	0	0	-0.810095158879325	1	1	1.13438348486155	0
0	0	0	0	0	1	0	0	-0.709673010723682	0	1	0.829857591963752	0
0	0	0	0	0	1	0	0	-2.44987378610522	1	0	1.25567411260015	0
0	1	0	0	0	0	0	0	0.908720309382689	1	1	1.13438348486155	0
0	0	1	0	0	0	0	0	1.50977730169568	0	1	0.829857591963752	0
1	0	0	0	0	0	0	0	1.66742557457784	1	1	1.13438348486155	0
0	0	0	0	0	0	1	0	0.466627973600549	1	0	1.25567411260015	0
0	0	0	0	0	1	0	0	0.311221742143436	0	1	0.829857591963752	0
