time	diversity	m_div	M_div
0.0	5.0	5	5
0.10036750395834348	14.0	14	14
0.20073500791668697	15.0	15	15
0.30110251187503045	15.0	15	15
0.40147001583337394	16.0	16	16
0.5018375197917174	18.0	18	18
0.6022050237500609	18.0	18	18
0.7025725277084044	18.0	18	18
0.8029400316667479	18.0	18	18
0.9033075356250914	19.0	19	19
1.0036750395834348	19.0	19	19
1.1040425435417784	19.0	19	19
1.2044100475001218	18.0	18	18
1.3047775514584652	23.0	23	23
1.4051450554168088	23.0	23	23
1.5055125593751524	24.0	24	24
1.6058800633334958	24.0	24	24
1.7062475672918391	25.0	25	25
1.8066150712501827	25.0	25	25
1.9069825752085263	25.0	25	25
2.0073500791668697	26.0	26	26
2.107717583125213	28.0	28	28
2.208085087083557	30.0	30	30
2.3084525910419003	30.0	30	30
2.4088200950002436	32.0	32	32
2.509187598958587	32.0	32	32
2.6095551029169304	32.0	32	32
2.709922606875274	31.0	31	31
2.8102901108336176	30.0	30	30
2.910657614791961	30.0	30	30
3.0110251187503048	29.0	29	29
3.111392622708648	29.0	29	29
3.2117601266669915	29.0	29	29
3.312127630625335	31.0	31	31
3.4124951345836783	33.0	33	33
3.512862638542022	33.0	33	33
3.6132301425003654	31.0	31	31
3.713597646458709	31.0	31	31
3.8139651504170526	31.0	31	31
3.914332654375396	31.0	31	31
4.014700158333739	30.0	30	30
4.115067662292083	30.0	30	30
4.215435166250426	29.0	29	29
4.31580267020877	29.0	29	29
4.416170174167114	30.0	30	30
4.516537678125457	30.0	30	30
4.6169051820838005	31.0	31	31
4.7172726860421434	31.0	31	31
4.817640190000487	29.0	29	29
4.918007693958831	29.0	29	29
5.018375197917174	31.0	31	31
5.118742701875518	30.0	30	30
5.219110205833861	30.0	30	30
5.319477709792205	33.0	33	33
5.419845213750548	33.0	33	33
5.520212717708891	35.0	35	35
5.620580221667235	37.0	37	37
5.720947725625579	38.0	38	38
5.821315229583922	42.0	42	42
5.921682733542266	44.0	44	44
6.0220502375006095	44.0	44	44
6.1224177414589525	43.0	43	43
6.222785245417296	43.0	43	43
6.323152749375639	43.0	43	43
6.423520253333983	44.0	44	44
6.523887757292327	43.0	43	43
6.62425526125067	43.0	43	43
6.724622765209014	43.0	43	43
6.8249902691673565	43.0	43	43
6.9253577731257	44.0	44	44
7.025725277084044	44.0	44	44
7.126092781042387	43.0	43	43
7.226460285000731	46.0	46	46
7.326827788959075	49.0	49	49
7.427195292917418	49.0	49	49
7.5275627968757615	49.0	49	49
7.627930300834105	48.0	48	48
7.728297804792448	49.0	49	49
7.828665308750792	49.0	49	49
7.929032812709135	49.0	49	49
8.029400316667479	48.0	48	48
8.129767820625823	49.0	49	49
8.230135324584166	51.0	51	51
8.330502828542508	51.0	51	51
8.430870332500852	50.0	50	50
8.531237836459196	52.0	52	52
8.63160534041754	52.0	52	52
8.731972844375884	52.0	52	52
8.832340348334228	53.0	53	53
8.93270785229257	54.0	54	54
9.033075356250913	55.0	55	55
9.133442860209257	57.0	57	57
9.233810364167601	58.0	58	58
9.334177868125945	57.0	57	57
9.434545372084287	58.0	58	58
9.53491287604263	59.0	59	59
9.635280380000975	57.0	57	57
9.735647883959318	56.0	56	56
9.836015387917662	55.0	55	55
9.936382891876004	54.0	54	54
10.036750395834348	54.0	54	54
10.137117899792692	53.0	53	53
10.237485403751036	51.0	51	51
10.33785290770938	49.0	49	49
10.438220411667722	48.0	48	48
10.538587915626065	47.0	47	47
10.63895541958441	46.0	46	46
10.739322923542753	45.0	45	45
10.839690427501097	45.0	45	45
10.94005793145944	45.0	45	45
11.040425435417783	45.0	45	45
11.140792939376126	45.0	45	45
11.24116044333447	45.0	45	45
11.341527947292814	45.0	45	45
11.441895451251158	45.0	45	45
11.5422629552095	45.0	45	45
11.642630459167844	45.0	45	45
11.742997963126188	44.0	44	44
11.843365467084531	44.0	44	44
11.943732971042875	42.0	42	42
12.044100475001219	41.0	41	41
12.144467978959561	42.0	42	42
12.244835482917905	41.0	41	41
12.345202986876249	38.0	38	38
12.445570490834593	37.0	37	37
12.545937994792936	38.0	38	38
12.646305498751278	40.0	40	40
12.746673002709622	37.0	37	37
12.847040506667966	37.0	37	37
12.94740801062631	37.0	37	37
13.047775514584654	39.0	39	39
13.148143018542996	39.0	39	39
13.24851052250134	38.0	38	38
13.348878026459683	39.0	39	39
13.449245530418027	41.0	41	41
13.549613034376371	40.0	40	40
13.649980538334713	40.0	40	40
13.750348042293057	41.0	41	41
13.8507155462514	40.0	40	40
13.951083050209744	38.0	38	38
14.051450554168088	37.0	37	37
14.151818058126432	37.0	37	37
14.252185562084774	37.0	37	37
14.352553066043118	37.0	37	37
14.452920570001462	37.0	37	37
14.553288073959806	34.0	34	34
14.65365557791815	34.0	34	34
14.754023081876491	34.0	34	34
14.854390585834835	34.0	34	34
14.954758089793179	35.0	35	35
15.055125593751523	35.0	35	35
15.155493097709867	35.0	35	35
15.25586060166821	35.0	35	35
15.356228105626553	35.0	35	35
15.456595609584896	36.0	36	36
15.55696311354324	36.0	36	36
15.657330617501584	36.0	36	36
15.757698121459928	37.0	37	37
15.85806562541827	39.0	39	39
15.958433129376614	39.0	39	39
16.058800633334958	40.0	40	40
16.1591681372933	39.0	39	39
16.259535641251645	40.0	40	40
16.359903145209987	41.0	41	41
16.460270649168333	41.0	41	41
16.560638153126675	42.0	42	42
16.661005657085017	43.0	43	43
16.761373161043363	43.0	43	43
16.861740665001705	43.0	43	43
16.96210816896005	44.0	44	44
17.062475672918392	41.0	41	41
17.162843176876734	41.0	41	41
17.26321068083508	43.0	43	43
17.363578184793422	41.0	41	41
17.463945688751767	41.0	41	41
17.56431319271011	41.0	41	41
17.664680696668455	42.0	42	42
17.765048200626797	42.0	42	42
17.86541570458514	43.0	43	43
17.965783208543485	42.0	42	42
18.066150712501827	41.0	41	41
18.166518216460172	40.0	40	40
18.266885720418514	40.0	40	40
18.367253224376856	39.0	39	39
18.467620728335202	38.0	38	38
18.567988232293544	38.0	38	38
18.66835573625189	38.0	38	38
18.76872324021023	37.0	37	37
18.869090744168574	37.0	37	37
18.96945824812692	37.0	37	37
19.06982575208526	37.0	37	37
19.170193256043607	37.0	37	37
19.27056076000195	36.0	36	36
19.37092826396029	33.0	33	33
19.471295767918637	32.0	32	32
19.57166327187698	31.0	31	31
19.672030775835324	32.0	32	32
19.772398279793666	31.0	31	31
19.87276578375201	31.0	31	31
19.973133287710354	31.0	31	31
20.073500791668696	31.0	31	31
20.17386829562704	29.0	29	29
20.274235799585384	26.0	26	26
20.374603303543726	26.0	26	26
20.47497080750207	26.0	26	26
20.575338311460413	27.0	27	27
20.67570581541876	27.0	27	27
20.7760733193771	27.0	27	27
20.876440823335443	27.0	27	27
20.97680832729379	26.0	26	26
21.07717583125213	26.0	26	26
21.177543335210476	26.0	26	26
21.27791083916882	25.0	25	25
21.378278343127164	25.0	25	25
21.478645847085506	24.0	24	24
21.579013351043848	24.0	24	24
21.679380855002194	23.0	23	23
21.779748358960536	21.0	21	21
21.88011586291888	22.0	22	22
21.980483366877223	22.0	22	22
22.080850870835565	22.0	22	22
22.18121837479391	22.0	22	22
22.281585878752253	22.0	22	22
22.3819533827106	21.0	21	21
22.48232088666894	21.0	21	21
22.582688390627283	21.0	21	21
22.683055894585628	20.0	20	20
22.78342339854397	20.0	20	20
22.883790902502316	18.0	18	18
22.984158406460658	17.0	17	17
23.084525910419	16.0	16	16
23.184893414377346	16.0	16	16
23.285260918335688	14.0	14	14
23.385628422294033	13.0	13	13
23.485995926252375	13.0	13	13
23.586363430210717	13.0	13	13
23.686730934169063	12.0	12	12
23.787098438127405	12.0	12	12
23.88746594208575	11.0	11	11
23.987833446044093	10.0	10	10
24.088200950002438	10.0	10	10
24.18856845396078	10.0	10	10
24.288935957919122	10.0	10	10
24.389303461877468	10.0	10	10
24.48967096583581	9.0	9	9
24.590038469794155	9.0	9	9
24.690405973752497	6.0	6	6
24.79077347771084	6.0	6	6
24.891140981669185	6.0	6	6
24.991508485627527	5.0	5	5
25.091875989585873	5.0	5	5
25.192243493544215	5.0	5	5
25.292610997502557	4.0	4	4
25.392978501460902	4.0	4	4
25.493346005419244	4.0	4	4
25.59371350937759	4.0	4	4
25.694081013335932	4.0	4	4
25.794448517294274	4.0	4	4
25.89481602125262	4.0	4	4
25.99518352521096	4.0	4	4
26.095551029169307	4.0	4	4
26.19591853312765	4.0	4	4
26.29628603708599	4.0	4	4
26.396653541044337	4.0	4	4
26.49702104500268	4.0	4	4
26.597388548961025	4.0	4	4
26.697756052919367	4.0	4	4
26.79812355687771	4.0	4	4
26.898491060836054	4.0	4	4
26.998858564794396	4.0	4	4
27.099226068752742	4.0	4	4
27.199593572711084	4.0	4	4
27.299961076669426	4.0	4	4
27.40032858062777	4.0	4	4
27.500696084586114	4.0	4	4
27.60106358854446	4.0	4	4
27.7014310925028	4.0	4	4
27.801798596461147	4.0	4	4
27.90216610041949	4.0	4	4
28.00253360437783	4.0	4	4
28.102901108336177	4.0	4	4
28.20326861229452	4.0	4	4
28.303636116252864	4.0	4	4
28.404003620211206	4.0	4	4
28.50437112416955	4.0	4	4
28.604738628127894	4.0	4	4
28.705106132086236	4.0	4	4
28.80547363604458	4.0	4	4
28.905841140002924	3.0	3	3
29.006208643961266	3.0	3	3
29.10657614791961	3.0	3	3
29.206943651877953	3.0	3	3
29.3073111558363	3.0	3	3
29.40767865979464	3.0	3	3
29.508046163752983	3.0	3	3
29.60841366771133	3.0	3	3
29.70878117166967	3.0	3	3
29.809148675628016	3.0	3	3
29.909516179586358	3.0	3	3
30.0098836835447	3.0	3	3
30.110251187503046	3.0	3	3
30.210618691461388	3.0	3	3
30.310986195419733	3.0	3	3
30.411353699378076	4.0	4	4
30.51172120333642	4.0	4	4
30.612088707294763	4.0	4	4
30.712456211253105	4.0	4	4
30.81282371521145	4.0	4	4
30.913191219169793	4.0	4	4
31.01355872312814	4.0	4	4
31.11392622708648	4.0	4	4
31.214293731044823	5.0	5	5
31.314661235003168	5.0	5	5
31.41502873896151	5.0	5	5
31.515396242919856	4.0	4	4
31.615763746878198	4.0	4	4
31.71613125083654	4.0	4	4
31.816498754794885	4.0	4	4
31.916866258753227	4.0	4	4
32.01723376271157	3.0	3	3
32.117601266669915	4.0	4	4
32.21796877062826	4.0	4	4
32.3183362745866	4.0	4	4
32.418703778544945	4.0	4	4
32.51907128250329	4.0	4	4
32.619438786461636	4.0	4	4
32.719806290419974	4.0	4	4
32.82017379437832	4.0	4	4
32.920541298336666	4.0	4	4
33.020908802295004	4.0	4	4
33.12127630625335	4.0	4	4
33.221643810211695	5.0	5	5
33.322011314170034	5.0	5	5
33.42237881812838	4.0	4	4
33.522746322086725	4.0	4	4
33.62311382604507	4.0	4	4
33.72348133000341	4.0	4	4
33.823848833961755	5.0	5	5
33.9242163379201	5.0	5	5
34.02458384187844	5.0	5	5
34.124951345836784	4.0	4	4
34.22531884979513	4.0	4	4
34.32568635375347	3.0	3	3
34.426053857711814	3.0	3	3
34.52642136167016	3.0	3	3
34.626788865628505	3.0	3	3
34.727156369586844	3.0	3	3
34.82752387354519	4.0	4	4
34.927891377503535	4.0	4	4
35.02825888146187	4.0	4	4
35.12862638542022	3.0	3	3
35.228993889378565	4.0	4	4
35.32936139333691	5.0	5	5
35.42972889729525	5.0	5	5
35.530096401253594	5.0	5	5
35.63046390521194	5.0	5	5
35.73083140917028	5.0	5	5
35.831198913128624	4.0	4	4
35.93156641708697	3.0	3	3
36.03193392104531	4.0	4	4
36.132301425003654	4.0	4	4
36.232668928962	4.0	4	4
36.333036432920345	5.0	5	5
36.43340393687868	5.0	5	5
36.53377144083703	5.0	5	5
36.634138944795374	5.0	5	5
36.73450644875371	5.0	5	5
36.83487395271206	4.0	4	4
36.935241456670404	4.0	4	4
37.03560896062874	4.0	4	4
37.13597646458709	4.0	4	4
37.236343968545434	4.0	4	4
37.33671147250378	3.0	3	3
37.43707897646212	3.0	3	3
37.53744648042046	2.0	2	2
37.63781398437881	2.0	2	2
37.73818148833715	2.0	2	2
37.83854899229549	2.0	2	2
37.93891649625384	2.0	2	2
38.03928400021218	1.0	1	1
38.13965150417052	1.0	1	1
38.24001900812887	0.0	0	0
38.340386512087214	0.0	0	0
38.44075401604555	0.0	0	0
38.5411215200039	0.0	0	0
38.641489023962244	0.0	0	0
38.74185652792058	0.0	0	0
38.84222403187893	0.0	0	0
38.94259153583727	0.0	0	0
39.04295903979562	0.0	0	0
39.14332654375396	0.0	0	0
39.2436940477123	0.0	0	0
39.34406155167065	0.0	0	0
39.44442905562899	0.0	0	0
39.54479655958733	0.0	0	0
39.64516406354568	0.0	0	0
39.74553156750402	0.0	0	0
39.84589907146236	0.0	0	0
39.94626657542071	0.0	0	0
40.046634079379054	0.0	0	0
40.14700158333739	0.0	0	0
40.24736908729574	0.0	0	0
40.34773659125408	1.0	1	1
40.44810409521242	1.0	1	1
40.54847159917077	1.0	1	1
40.64883910312911	1.0	1	1
40.74920660708745	1.0	1	1
40.8495741110458	1.0	1	1
40.94994161500414	1.0	1	1
41.05030911896249	1.0	1	1
41.15067662292083	1.0	1	1
41.25104412687917	1.0	1	1
41.35141163083752	1.0	1	1
41.451779134795856	1.0	1	1
41.5521466387542	1.0	1	1
41.65251414271255	1.0	1	1
41.752881646670886	1.0	1	1
41.85324915062923	1.0	1	1
41.95361665458758	1.0	1	1
42.05398415854592	1.0	1	1
42.15435166250426	1.0	1	1
42.25471916646261	1.0	1	1
42.35508667042095	1.0	1	1
42.45545417437929	1.0	1	1
42.55582167833764	1.0	1	1
42.65618918229598	1.0	1	1
42.75655668625433	1.0	1	1
42.856924190212666	1.0	1	1
42.95729169417101	1.0	1	1
43.05765919812936	1.0	1	1
43.158026702087696	1.0	1	1
43.25839420604604	1.0	1	1
43.35876171000439	1.0	1	1
43.459129213962726	1.0	1	1
43.55949671792107	1.0	1	1
43.65986422187942	1.0	1	1
43.76023172583776	1.0	1	1
43.8605992297961	1.0	1	1
43.96096673375445	1.0	1	1
44.06133423771279	1.0	1	1
44.16170174167113	1.0	1	1
44.262069245629476	1.0	1	1
44.36243674958782	1.0	1	1
44.46280425354616	1.0	1	1
44.563171757504506	1.0	1	1
44.66353926146285	1.0	1	1
44.7639067654212	1.0	1	1
44.864274269379536	1.0	1	1
44.96464177333788	1.0	1	1
45.06500927729623	1.0	1	1
45.165376781254565	1.0	1	1
45.26574428521291	1.0	1	1
45.366111789171256	1.0	1	1
45.4664792931296	1.0	1	1
45.56684679708794	1.0	1	1
45.667214301046286	1.0	1	1
45.76758180500463	1.0	1	1
45.86794930896297	1.0	1	1
45.968316812921316	1.0	1	1
46.06868431687966	1.0	1	1
46.169051820838	1.0	1	1
46.269419324796345	1.0	1	1
46.36978682875469	1.0	1	1
46.47015433271304	1.0	1	1
46.570521836671375	1.0	1	1
46.67088934062972	1.0	1	1
46.771256844588066	1.0	1	1
46.871624348546405	1.0	1	1
46.97199185250475	1.0	1	1
47.072359356463096	1.0	1	1
47.172726860421434	1.0	1	1
47.27309436437978	1.0	1	1
