age	angiosperms
0	0.86
1	0.86
2	0.87
3	0.88
4	0.9
5	0.91
6	0.91
7	0.92
8	0.92
9	0.93
10	0.93
11	0.93
12	0.93
13	0.93
14	0.93
15	0.93
16	0.93
17	0.93
18	0.93
19	0.93
20	0.93
21	0.92
22	0.91
23	0.91
24	0.91
25	0.92
26	0.92
27	0.92
28	0.93
29	0.94
30	0.94
31	0.95
32	0.95
33	0.96
34	0.96
35	0.97
36	0.98
37	0.99
38	0.99
39	0.99
40	1
41	1
42	1
43	1
44	1
45	0.99
46	0.99
47	0.99
48	0.98
49	0.98
50	0.97
51	0.95
52	0.94
53	0.935
54	0.93
55	0.91
56	0.91
57	0.89
58	0.85
59	0.79
60	0.73
61	0.66
62	0.62
63	0.58
64	0.56
65	0.53
66	0.5
67	0.46
68	0.42
69	0.41
70	0.41
71	0.4
72	0.37
73	0.36
74	0.36
75	0.35
76	0.35
77	0.34
78	0.34
79	0.34
80	0.33
81	0.33
82	0.31
83	0.31
84	0.3
85	0.3
86	0.29
87	0.28
88	0.28
89	0.28
90	0.27
91	0.27
92	0.27
93	0.27
94	0.26
95	0.26
96	0.25
97	0.25
98	0.24
99	0.23
100	0.22
101	0.21
102	0.2
103	0.19
104	0.18
105	0.17
106	0.17
107	0.17
108	0.17
109	0.16
110	0.15
111	0.14
112	0.13
113	0.11
114	0.08
115	0.06
116	0.05
117	0.05
118	0.04
119	0.04
120	0.04
121	0.04
122	0.04
123	0.03
124	0.03
125	0.03
126	0.02
127	0.02
128	0.02
129	0.02
130	0.02
131	0.02
132	0.02
133	0.02
134	0.02
135	0.01
136	0.01
137	0.01
138	0.01
139	0.01
140	0.01
141	0.01
142	0.01
143	0.01
144	0.01
145	0
146	0
147	0
148	0
149	0
150	0
151	0
152	0
153	0
154	0
155	0
156	0
157	0
158	0
159	0
160	0
161	0
162	0
163	0
164	0
165	0
166	0
167	0
168	0
169	0
170	0
171	0
172	0
173	0
174	0
175	0
176	0
177	0
178	0
179	0
180	0
181	0
182	0
183	0
184	0
185	0
186	0
187	0
188	0
189	0
190	0
191	0
192	0
193	0
194	0
195	0
196	0
197	0
198	0
199	0
200	0
201	0
202	0
203	0
204	0
205	0
206	0
207	0
208	0
209	0
210	0
211	0
212	0
213	0
214	0
215	0
216	0
217	0
218	0
219	0
220	0
221	0
222	0
223	0
224	0
225	0
226	0
227	0
228	0
229	0
230	0
231	0
232	0
233	0
234	0
235	0
236	0
237	0
238	0
239	0
240	0
241	0
242	0
243	0
244	0
245	0
246	0
247	0
248	0
249	0
250	0
251	0
252	0
253	0
254	0
255	0
256	0
257	0
258	0
259	0
260	0
261	0
262	0
263	0
264	0
265	0
266	0
267	0
268	0
269	0
270	0
271	0
272	0
273	0
274	0
275	0
276	0
277	0
278	0
279	0
280	0
281	0
282	0
283	0
284	0
285	0
286	0
287	0
288	0
289	0
290	0
291	0
292	0
293	0
294	0
295	0
296	0
297	0
298	0
299	0
300	0
301	0
302	0
303	0
304	0
305	0
306	0
307	0
308	0
309	0
310	0
311	0
312	0
313	0
314	0
315	0
316	0
317	0
318	0
319	0
320	0
321	0
322	0
323	0
324	0
325	0
326	0
327	0
328	0
329	0
330	0
331	0
332	0
333	0
334	0
335	0
336	0
337	0
338	0
339	0
340	0
341	0
342	0
343	0
344	0
345	0
346	0
347	0
348	0
349	0
350	0
351	0
352	0
353	0
354	0
355	0
356	0
357	0
358	0
359	0
360	0
361	0
362	0
363	0
364	0
365	0
366	0
367	0
368	0
369	0
370	0
371	0
372	0
373	0
374	0
375	0
376	0
377	0
378	0
379	0
380	0
381	0
382	0
383	0
384	0
385	0
386	0
387	0
388	0
389	0
390	0
391	0
392	0
393	0
394	0
395	0
396	0
397	0
398	0
399	0
400	0
401	0
402	0
403	0
404	0
405	0
406	0
407	0
408	0
409	0
410	0
411	0
412	0
413	0
414	0
415	0
416	0
417	0
418	0
419	0
420	0
421	0
422	0
423	0
424	0
425	0
426	0
427	0
428	0
429	0
430	0
431	0
432	0
433	0
434	0
435	0
436	0
437	0
438	0
439	0
440	0
441	0
442	0
443	0
444	0
445	0
446	0
447	0
448	0
449	0
450	0
451	0
452	0
453	0
454	0
455	0
456	0
457	0
458	0
459	0
460	0
461	0
462	0
463	0
464	0
465	0
466	0
467	0
468	0
469	0
470	0
471	0
472	0
473	0
474	0
475	0
476	0
477	0
478	0
479	0
480	0
