age	arid
0	0.06
1	0.0665
2	0.073
3	0.0795
4	0.086
5	0.0925
6	0.099
7	0.1055
8	0.112
9	0.1185
10	0.125
11	0.1315
12	0.138
13	0.1445
14	0.151
15	0.1575
16	0.164
17	0.1705
18	0.177
19	0.1835
20	0.19
21	0.201
22	0.212
23	0.223
24	0.234
25	0.245
26	0.256
27	0.267
28	0.278
29	0.289
30	0.3
31	0.288
32	0.276
33	0.264
34	0.252
35	0.24
36	0.228
37	0.216
38	0.204
39	0.192
40	0.18
41	0.171
42	0.162
43	0.153
44	0.144
45	0.135
46	0.126
47	0.117
48	0.108
49	0.099
50	0.09
51	0.112
52	0.134
53	0.156
54	0.178
55	0.2
56	0.222
57	0.244
58	0.266
59	0.288
60	0.31
61	0.307
62	0.304
63	0.301
64	0.298
65	0.295
66	0.292
67	0.289
68	0.286
69	0.283
70	0.28
71	0.277
72	0.274
73	0.271
74	0.268
75	0.265
76	0.262
77	0.259
78	0.256
79	0.253
80	0.25
81	0.2485
82	0.247
83	0.2455
84	0.244
85	0.2425
86	0.241
87	0.2395
88	0.238
89	0.2365
90	0.235
91	0.2335
92	0.232
93	0.2305
94	0.229
95	0.2275
96	0.226
97	0.2245
98	0.223
99	0.2215
100	0.22
101	0.239
102	0.258
103	0.277
104	0.296
105	0.315
106	0.334
107	0.353
108	0.372
109	0.391
110	0.41
111	0.429
112	0.448
113	0.467
114	0.486
115	0.505
116	0.524
117	0.543
118	0.562
119	0.581
120	0.6
121	0.6065
122	0.613
123	0.6195
124	0.626
125	0.6325
126	0.639
127	0.6455
128	0.652
129	0.6585
130	0.665
131	0.6715
132	0.678
133	0.6845
134	0.691
135	0.6975
136	0.704
137	0.7105
138	0.717
139	0.7235
140	0.73
141	0.7365
142	0.743
143	0.7495
144	0.756
145	0.7625
146	0.769
147	0.7755
148	0.782
149	0.7885
150	0.795
151	0.8015
152	0.808
153	0.8145
154	0.821
155	0.8275
156	0.834
157	0.8405
158	0.847
159	0.8535
160	0.86
161	0.8485
162	0.837
163	0.8255
164	0.814
165	0.8025
166	0.791
167	0.7795
168	0.768
169	0.7565
170	0.745
171	0.7335
172	0.722
173	0.7105
174	0.699
175	0.6875
176	0.676
177	0.6645
178	0.653
179	0.6415
180	0.63
181	0.630666666666667
182	0.631333333333333
183	0.632
184	0.632666666666667
185	0.633333333333333
186	0.634
187	0.634666666666667
188	0.635333333333333
189	0.636
190	0.636666666666667
191	0.637333333333333
192	0.638
193	0.638666666666667
194	0.639333333333333
195	0.64
196	0.640666666666667
197	0.641333333333333
198	0.642
199	0.642666666666667
200	0.643333333333333
201	0.644
202	0.644666666666667
203	0.645333333333333
204	0.646
205	0.646666666666667
206	0.647333333333333
207	0.648
208	0.648666666666667
209	0.649333333333333
210	0.65
211	0.666
212	0.682
213	0.698
214	0.714
215	0.73
216	0.746
217	0.762
218	0.778
219	0.794
220	0.81
221	0.8195
222	0.829
223	0.8385
224	0.848
225	0.8575
226	0.867
227	0.8765
228	0.886
229	0.8955
230	0.905
231	0.9145
232	0.924
233	0.9335
234	0.943
235	0.9525
236	0.962
237	0.9715
238	0.981
239	0.9905
240	1
241	0.9795
242	0.959
243	0.9385
244	0.918
245	0.8975
246	0.877
247	0.8565
248	0.836
249	0.8155
250	0.795
251	0.7745
252	0.754
253	0.7335
254	0.713
255	0.6925
256	0.672
257	0.6515
258	0.631
259	0.6105
260	0.59
261	0.5605
262	0.531
263	0.5015
264	0.472
265	0.4425
266	0.413
267	0.3835
268	0.354
269	0.3245
270	0.295
271	0.2655
272	0.236
273	0.2065
274	0.177
275	0.1475
276	0.118
277	0.0885
278	0.0590000000000001
279	0.0295
280	0
281	0.005
282	0.01
283	0.015
284	0.02
285	0.025
286	0.03
287	0.035
288	0.04
289	0.045
290	0.05
291	0.055
292	0.06
293	0.065
294	0.07
295	0.075
296	0.08
297	0.085
298	0.09
299	0.095
300	0.1
301	0.1
302	0.1
303	0.1
304	0.1
305	0.1
306	0.1
307	0.1
308	0.1
309	0.1
310	0.1
311	0.1
312	0.1
313	0.1
314	0.1
315	0.1
316	0.1
317	0.1
318	0.1
319	0.1
320	0.1
321	0.103
322	0.106
323	0.109
324	0.112
325	0.115
326	0.118
327	0.121
328	0.124
329	0.127
330	0.13
331	0.133
332	0.136
333	0.139
334	0.142
335	0.145
336	0.148
337	0.151
338	0.154
339	0.157
340	0.16
341	0.1725
342	0.185
343	0.1975
344	0.21
345	0.2225
346	0.235
347	0.2475
348	0.26
349	0.2725
350	0.285
351	0.2975
352	0.31
353	0.3225
354	0.335
355	0.3475
356	0.36
357	0.3725
358	0.385
359	0.3975
360	0.41
361	0.4125
362	0.415
363	0.4175
364	0.42
365	0.4225
366	0.425
367	0.4275
368	0.43
369	0.4325
370	0.435
371	0.4375
372	0.44
373	0.4425
374	0.445
375	0.4475
376	0.45
377	0.4525
378	0.455
379	0.4575
380	0.46
381	0.465
382	0.47
383	0.475
384	0.48
385	0.485
386	0.49
387	0.495
388	0.5
389	0.505
390	0.51
391	0.515
392	0.52
393	0.525
394	0.53
395	0.535
396	0.54
397	0.545
398	0.55
399	0.555
400	0.56
