age	boreal
0	0.5
1	0.501
2	0.502
3	0.503
4	0.504
5	0.505
6	0.506
7	0.507
8	0.508
9	0.509
10	0.51
11	0.511
12	0.512
13	0.513
14	0.514
15	0.515
16	0.516
17	0.517
18	0.518
19	0.519
20	0.52
21	0.494
22	0.468
23	0.442
24	0.416
25	0.39
26	0.364
27	0.338
28	0.312
29	0.286
30	0.26
31	0.259
32	0.258
33	0.257
34	0.256
35	0.255
36	0.254
37	0.253
38	0.252
39	0.251
40	0.25
41	0.254
42	0.258
43	0.262
44	0.266
45	0.27
46	0.274
47	0.278
48	0.282
49	0.286
50	0.29
51	0.287
52	0.284
53	0.281
54	0.278
55	0.275
56	0.272
57	0.269
58	0.266
59	0.263
60	0.26
61	0.268
62	0.276
63	0.284
64	0.292
65	0.3
66	0.308
67	0.316
68	0.324
69	0.332
70	0.34
71	0.348
72	0.356
73	0.364
74	0.372
75	0.38
76	0.388
77	0.396
78	0.404
79	0.412
80	0.42
81	0.4015
82	0.383
83	0.3645
84	0.346
85	0.3275
86	0.309
87	0.2905
88	0.272
89	0.2535
90	0.235
91	0.2165
92	0.198
93	0.1795
94	0.161
95	0.1425
96	0.124
97	0.1055
98	0.087
99	0.0684999999999999
100	0.05
101	0.064
102	0.078
103	0.092
104	0.106
105	0.12
106	0.134
107	0.148
108	0.162
109	0.176
110	0.19
111	0.204
112	0.218
113	0.232
114	0.246
115	0.26
116	0.274
117	0.288
118	0.302
119	0.316
120	0.33
121	0.33025
122	0.3305
123	0.33075
124	0.331
125	0.33125
126	0.3315
127	0.33175
128	0.332
129	0.33225
130	0.3325
131	0.33275
132	0.333
133	0.33325
134	0.3335
135	0.33375
136	0.334
137	0.33425
138	0.3345
139	0.33475
140	0.335
141	0.33525
142	0.3355
143	0.33575
144	0.336
145	0.33625
146	0.3365
147	0.33675
148	0.337
149	0.33725
150	0.3375
151	0.33775
152	0.338
153	0.33825
154	0.3385
155	0.33875
156	0.339
157	0.33925
158	0.3395
159	0.33975
160	0.34
161	0.333
162	0.326
163	0.319
164	0.312
165	0.305
166	0.298
167	0.291
168	0.284
169	0.277
170	0.27
171	0.263
172	0.256
173	0.249
174	0.242
175	0.235
176	0.228
177	0.221
178	0.214
179	0.207
180	0.2
181	0.193333333333333
182	0.186666666666667
183	0.18
184	0.173333333333333
185	0.166666666666667
186	0.16
187	0.153333333333333
188	0.146666666666667
189	0.14
190	0.133333333333333
191	0.126666666666667
192	0.12
193	0.113333333333333
194	0.106666666666667
195	0.1
196	0.0933333333333333
197	0.0866666666666667
198	0.08
199	0.0733333333333333
200	0.0666666666666667
201	0.06
202	0.0533333333333333
203	0.0466666666666667
204	0.04
205	0.0333333333333334
206	0.0266666666666667
207	0.02
208	0.0133333333333333
209	0.00666666666666665
210	0
211	0
212	0
213	0
214	0
215	0
216	0
217	0
218	0
219	0
220	0
221	0
222	0
223	0
224	0
225	0
226	0
227	0
228	0
229	0
230	0
231	0
232	0
233	0
234	0
235	0
236	0
237	0
238	0
239	0
240	0
241	0.04
242	0.08
243	0.12
244	0.16
245	0.2
246	0.24
247	0.28
248	0.32
249	0.36
250	0.4
251	0.44
252	0.48
253	0.52
254	0.56
255	0.6
256	0.64
257	0.68
258	0.72
259	0.76
260	0.8
261	0.783
262	0.766
263	0.749
264	0.732
265	0.715
266	0.698
267	0.681
268	0.664
269	0.647
270	0.63
271	0.613
272	0.596
273	0.579
274	0.562
275	0.545
276	0.528
277	0.511
278	0.494
279	0.477
280	0.46
281	0.46
282	0.46
283	0.46
284	0.46
285	0.46
286	0.46
287	0.46
288	0.46
289	0.46
290	0.46
291	0.46
292	0.46
293	0.46
294	0.46
295	0.46
296	0.46
297	0.46
298	0.46
299	0.46
300	0.46
301	0.487
302	0.514
303	0.541
304	0.568
305	0.595
306	0.622
307	0.649
308	0.676
309	0.703
310	0.73
311	0.757
312	0.784
313	0.811
314	0.838
315	0.865
316	0.892
317	0.919
318	0.946
319	0.973
320	1
321	0.9845
322	0.969
323	0.9535
324	0.938
325	0.9225
326	0.907
327	0.8915
328	0.876
329	0.8605
330	0.845
331	0.8295
332	0.814
333	0.7985
334	0.783
335	0.7675
336	0.752
337	0.7365
338	0.721
339	0.7055
340	0.69
341	0.6865
342	0.683
343	0.6795
344	0.676
345	0.6725
346	0.669
347	0.6655
348	0.662
349	0.6585
350	0.655
351	0.6515
352	0.648
353	0.6445
354	0.641
355	0.6375
356	0.634
357	0.6305
358	0.627
359	0.6235
360	0.62
361	0.6345
362	0.649
363	0.6635
364	0.678
365	0.6925
366	0.707
367	0.7215
368	0.736
369	0.7505
370	0.765
371	0.7795
372	0.794
373	0.8085
374	0.823
375	0.8375
376	0.852
377	0.8665
378	0.881
379	0.8955
380	0.91
381	0.8925
382	0.875
383	0.8575
384	0.84
385	0.8225
386	0.805
387	0.7875
388	0.77
389	0.7525
390	0.735
391	0.7175
392	0.7
393	0.6825
394	0.665
395	0.6475
396	0.63
397	0.6125
398	0.595
399	0.5775
400	0.56
401	0.5435
402	0.527
403	0.5105
404	0.494
405	0.4775
406	0.461
407	0.4445
408	0.428
409	0.4115
410	0.395
411	0.3785
412	0.362
413	0.3455
414	0.329
415	0.3125
416	0.296
417	0.2795
418	0.263
419	0.2465
420	0.23
421	0.223
422	0.216
423	0.209
424	0.202
425	0.195
426	0.188
427	0.181
428	0.174
429	0.167
430	0.16
431	0.153
432	0.146
433	0.139
434	0.132
435	0.125
436	0.118
437	0.111
438	0.104
439	0.097
440	0.09
441	0.099
442	0.108
443	0.117
444	0.126
445	0.135
446	0.144
447	0.153
448	0.162
449	0.171
450	0.18
451	0.189
452	0.198
453	0.207
454	0.216
455	0.225
456	0.234
457	0.243
458	0.252
459	0.261
460	0.27
461	0.279
462	0.288
463	0.297
464	0.306
465	0.315
466	0.324
467	0.333
468	0.342
469	0.351
470	0.36
471	0.369
472	0.378
473	0.387
474	0.396
475	0.405
476	0.414
477	0.423
478	0.432
479	0.441
480	0.45
481	0.4535
482	0.457
483	0.4605
484	0.464
485	0.4675
486	0.471
487	0.4745
488	0.478
489	0.4815
490	0.485
491	0.4885
492	0.492
493	0.4955
494	0.499
495	0.5025
496	0.506
497	0.5095
498	0.513
499	0.5165
500	0.52
501	0.5235
502	0.527
503	0.5305
504	0.534
505	0.5375
506	0.541
507	0.5445
508	0.548
509	0.5515
510	0.555
511	0.5585
512	0.562
513	0.5655
514	0.569
515	0.5725
516	0.576
517	0.5795
518	0.583
519	0.5865
520	0.59
521	0.598
522	0.606
523	0.614
524	0.622
525	0.63
526	0.638
527	0.646
528	0.654
529	0.662
530	0.67
531	0.678
532	0.686
533	0.694
534	0.702
535	0.71
536	0.718
537	0.726
538	0.734
539	0.742
540	0.75
