age	CO2
0	0
1	0
2	0
3	0
4	0
5	0
6	0
7	0
8	0
9	0
10	0
11	0
12	0
13	0.000909090909090909
14	0.00181818181818182
15	0.00272727272727273
16	0.00363636363636364
17	0.00454545454545455
18	0.00545454545454545
19	0.00636363636363636
20	0.00727272727272727
21	0.00818181818181818
22	0.00909090909090909
23	0.01
24	0.01125
25	0.0125
26	0.01375
27	0.015
28	0.01625
29	0.0175
30	0.01875
31	0.02
32	0.0255555555555556
33	0.0311111111111111
34	0.0366666666666667
35	0.0422222222222222
36	0.0477777777777778
37	0.0533333333333333
38	0.0588888888888889
39	0.0644444444444444
40	0.07
41	0.0761538461538462
42	0.0823076923076923
43	0.0884615384615385
44	0.0946153846153846
45	0.100769230769231
46	0.106923076923077
47	0.113076923076923
48	0.119230769230769
49	0.125384615384615
50	0.131538461538462
51	0.137692307692308
52	0.143846153846154
53	0.15
54	0.147777777777778
55	0.145555555555556
56	0.143333333333333
57	0.141111111111111
58	0.138888888888889
59	0.136666666666667
60	0.134444444444444
61	0.132222222222222
62	0.13
63	0.132222222222222
64	0.134444444444444
65	0.136666666666667
66	0.138888888888889
67	0.141111111111111
68	0.143333333333333
69	0.145555555555556
70	0.147777777777778
71	0.15
72	0.156363636363636
73	0.162727272727273
74	0.169090909090909
75	0.175454545454545
76	0.181818181818182
77	0.188181818181818
78	0.194545454545455
79	0.200909090909091
80	0.207272727272727
81	0.213636363636364
82	0.22
83	0.221818181818182
84	0.223636363636364
85	0.225454545454545
86	0.227272727272727
87	0.229090909090909
88	0.230909090909091
89	0.232727272727273
90	0.234545454545455
91	0.236363636363636
92	0.238181818181818
93	0.24
94	0.245555555555556
95	0.251111111111111
96	0.256666666666667
97	0.262222222222222
98	0.267777777777778
99	0.273333333333333
100	0.278888888888889
101	0.284444444444444
102	0.29
103	0.294545454545455
104	0.299090909090909
105	0.303636363636364
106	0.308181818181818
107	0.312727272727273
108	0.317272727272727
109	0.321818181818182
110	0.326363636363636
111	0.330909090909091
112	0.335454545454545
113	0.34
114	0.34125
115	0.3425
116	0.34375
117	0.345
118	0.34625
119	0.3475
120	0.34875
121	0.35
122	0.353636363636364
123	0.357272727272727
124	0.360909090909091
125	0.364545454545455
126	0.368181818181818
127	0.371818181818182
128	0.375454545454545
129	0.379090909090909
130	0.382727272727273
131	0.386363636363636
132	0.39
133	0.399166666666667
134	0.408333333333333
135	0.4175
136	0.426666666666667
137	0.435833333333333
138	0.445
139	0.454166666666667
140	0.463333333333333
141	0.4725
142	0.481666666666667
143	0.490833333333333
144	0.5
145	0.495
146	0.49
147	0.485
148	0.48
149	0.475
150	0.47
151	0.465
152	0.46
153	0.47
154	0.48
155	0.49
156	0.5
157	0.51
158	0.52
159	0.53
160	0.54
161	0.55
162	0.56
163	0.57
164	0.565555555555555
165	0.561111111111111
166	0.556666666666667
167	0.552222222222222
168	0.547777777777778
169	0.543333333333333
170	0.538888888888889
171	0.534444444444444
172	0.53
173	0.506363636363636
174	0.482727272727273
175	0.459090909090909
176	0.435454545454545
177	0.411818181818182
178	0.388181818181818
179	0.364545454545455
180	0.340909090909091
181	0.317272727272727
182	0.293636363636364
183	0.27
184	0.266666666666667
185	0.263333333333333
186	0.26
187	0.256666666666667
188	0.253333333333333
189	0.25
190	0.246666666666667
191	0.243333333333333
192	0.24
193	0.247
194	0.254
195	0.261
196	0.268
197	0.275
198	0.282
199	0.289
200	0.296
201	0.303
202	0.31
203	0.307
204	0.304
205	0.301
206	0.298
207	0.295
208	0.292
209	0.289
210	0.286
211	0.283
212	0.28
213	0.284545454545455
214	0.289090909090909
215	0.293636363636364
216	0.298181818181818
217	0.302727272727273
218	0.307272727272727
219	0.311818181818182
220	0.316363636363636
221	0.320909090909091
222	0.325454545454545
223	0.33
224	0.325
225	0.32
226	0.315
227	0.31
228	0.305
229	0.3
230	0.295
231	0.29
232	0.301818181818182
233	0.313636363636364
234	0.325454545454545
235	0.337272727272727
236	0.349090909090909
237	0.360909090909091
238	0.372727272727273
239	0.384545454545455
240	0.396363636363636
241	0.408181818181818
242	0.42
243	0.412222222222222
244	0.404444444444444
245	0.396666666666667
246	0.388888888888889
247	0.381111111111111
248	0.373333333333333
249	0.365555555555556
250	0.357777777777778
251	0.35
252	0.323636363636364
253	0.297272727272727
254	0.270909090909091
255	0.244545454545455
256	0.218181818181818
257	0.191818181818182
258	0.165454545454545
259	0.139090909090909
260	0.112727272727273
261	0.0863636363636364
262	0.06
263	0.0563636363636364
264	0.0527272727272727
265	0.0490909090909091
266	0.0454545454545455
267	0.0418181818181818
268	0.0381818181818182
269	0.0345454545454545
270	0.0309090909090909
271	0.0272727272727273
272	0.0236363636363636
273	0.02
274	0.01875
275	0.0175
276	0.01625
277	0.015
278	0.01375
279	0.0125
280	0.01125
281	0.01
282	0.011
283	0.012
284	0.013
285	0.014
286	0.015
287	0.016
288	0.017
289	0.018
290	0.019
291	0.02
292	0.0192307692307692
293	0.0184615384615385
294	0.0176923076923077
295	0.0169230769230769
296	0.0161538461538462
297	0.0153846153846154
298	0.0146153846153846
299	0.0138461538461538
300	0.0130769230769231
301	0.0123076923076923
302	0.0115384615384615
303	0.0107692307692308
304	0.01
305	0.01
306	0.01
307	0.01
308	0.01
309	0.01
310	0.01
311	0.01
312	0.01
313	0.01
314	0.0111111111111111
315	0.0122222222222222
316	0.0133333333333333
317	0.0144444444444444
318	0.0155555555555556
319	0.0166666666666667
320	0.0177777777777778
321	0.0188888888888889
322	0.02
323	0.0225
324	0.025
325	0.0275
326	0.03
327	0.0325
328	0.035
329	0.0375
330	0.04
331	0.0463636363636364
332	0.0527272727272727
333	0.0590909090909091
334	0.0654545454545455
335	0.0718181818181818
336	0.0781818181818182
337	0.0845454545454545
338	0.0909090909090909
339	0.0972727272727273
340	0.103636363636364
341	0.11
342	0.120909090909091
343	0.131818181818182
344	0.142727272727273
345	0.153636363636364
346	0.164545454545455
347	0.175454545454545
348	0.186363636363636
349	0.197272727272727
350	0.208181818181818
351	0.219090909090909
352	0.23
353	0.245
354	0.26
355	0.275
356	0.29
357	0.305
358	0.32
359	0.335
360	0.35
361	0.361666666666667
362	0.373333333333333
363	0.385
364	0.396666666666667
365	0.408333333333333
366	0.42
367	0.431666666666667
368	0.443333333333333
369	0.455
370	0.466666666666667
371	0.478333333333333
372	0.49
373	0.55375
374	0.6175
375	0.68125
376	0.745
377	0.80875
378	0.8725
379	0.93625
380	1
381	0.988181818181818
382	0.976363636363636
383	0.964545454545455
384	0.952727272727273
385	0.940909090909091
386	0.929090909090909
387	0.917272727272727
388	0.905454545454546
389	0.893636363636364
390	0.881818181818182
391	0.87
392	0.856363636363636
393	0.842727272727273
394	0.829090909090909
395	0.815454545454545
396	0.801818181818182
397	0.788181818181818
398	0.774545454545455
399	0.760909090909091
400	0.747272727272727
401	0.733636363636364
402	0.72
