age	cold
0	0.97
1	0.952
2	0.934
3	0.916
4	0.898
5	0.88
6	0.862
7	0.844
8	0.826
9	0.808
10	0.79
11	0.772
12	0.754
13	0.736
14	0.718
15	0.7
16	0.682
17	0.664
18	0.646
19	0.628
20	0.61
21	0.616
22	0.622
23	0.628
24	0.634
25	0.64
26	0.646
27	0.652
28	0.658
29	0.664
30	0.67
31	0.623
32	0.576
33	0.529
34	0.482
35	0.435
36	0.388
37	0.341
38	0.294
39	0.247
40	0.2
41	0.18
42	0.16
43	0.14
44	0.12
45	0.1
46	0.08
47	0.06
48	0.04
49	0.02
50	0
51	0
52	0
53	0
54	0
55	0
56	0
57	0
58	0
59	0
60	0
61	0
62	0
63	0
64	0
65	0
66	0
67	0
68	0
69	0
70	0
71	0
72	0
73	0
74	0
75	0
76	0
77	0
78	0
79	0
80	0
81	0
82	0
83	0
84	0
85	0
86	0
87	0
88	0
89	0
90	0
91	0
92	0
93	0
94	0
95	0
96	0
97	0
98	0
99	0
100	0
101	0
102	0
103	0
104	0
105	0
106	0
107	0
108	0
109	0
110	0
111	0
112	0
113	0
114	0
115	0
116	0
117	0
118	0
119	0
120	0
121	0
122	0
123	0
124	0
125	0
126	0
127	0
128	0
129	0
130	0
131	0
132	0
133	0
134	0
135	0
136	0
137	0
138	0
139	0
140	0
141	0
142	0
143	0
144	0
145	0
146	0
147	0
148	0
149	0
150	0
151	0
152	0
153	0
154	0
155	0
156	0
157	0
158	0
159	0
160	0
161	0
162	0
163	0
164	0
165	0
166	0
167	0
168	0
169	0
170	0
171	0
172	0
173	0
174	0
175	0
176	0
177	0
178	0
179	0
180	0
181	0
182	0
183	0
184	0
185	0
186	0
187	0
188	0
189	0
190	0
191	0
192	0
193	0
194	0
195	0
196	0
197	0
198	0
199	0
200	0
201	0
202	0
203	0
204	0
205	0
206	0
207	0
208	0
209	0
210	0
211	0
212	0
213	0
214	0
215	0
216	0
217	0
218	0
219	0
220	0
221	0
222	0
223	0
224	0
225	0
226	0
227	0
228	0
229	0
230	0
231	0
232	0
233	0
234	0
235	0
236	0
237	0
238	0
239	0
240	0
241	0.0035
242	0.007
243	0.0105
244	0.014
245	0.0175
246	0.021
247	0.0245
248	0.028
249	0.0315
250	0.035
251	0.0385
252	0.042
253	0.0455
254	0.049
255	0.0525
256	0.056
257	0.0595
258	0.063
259	0.0665
260	0.07
261	0.1165
262	0.163
263	0.2095
264	0.256
265	0.3025
266	0.349
267	0.3955
268	0.442
269	0.4885
270	0.535
271	0.5815
272	0.628
273	0.6745
274	0.721
275	0.7675
276	0.814
277	0.8605
278	0.907
279	0.9535
280	1
281	0.9915
282	0.983
283	0.9745
284	0.966
285	0.9575
286	0.949
287	0.9405
288	0.932
289	0.9235
290	0.915
291	0.9065
292	0.898
293	0.8895
294	0.881
295	0.8725
296	0.864
297	0.8555
298	0.847
299	0.8385
300	0.83
301	0.7885
302	0.747
303	0.7055
304	0.664
305	0.6225
306	0.581
307	0.5395
308	0.498
309	0.4565
310	0.415
311	0.3735
312	0.332
313	0.2905
314	0.249
315	0.2075
316	0.166
317	0.1245
318	0.083
319	0.0415
320	0
321	0
322	0
323	0
324	0
325	0
326	0
327	0
328	0
329	0
330	0
331	0
332	0
333	0
334	0
335	0
336	0
337	0
338	0
339	0
340	0
341	0.0255
342	0.051
343	0.0765
344	0.102
345	0.1275
346	0.153
347	0.1785
348	0.204
349	0.2295
350	0.255
351	0.2805
352	0.306
353	0.3315
354	0.357
355	0.3825
356	0.408
357	0.4335
358	0.459
359	0.4845
360	0.51
361	0.4845
362	0.459
363	0.4335
364	0.408
365	0.3825
366	0.357
367	0.3315
368	0.306
369	0.2805
370	0.255
371	0.2295
372	0.204
373	0.1785
374	0.153
375	0.1275
376	0.102
377	0.0765
378	0.051
379	0.0255
380	0
381	0.0285
382	0.057
383	0.0855
384	0.114
385	0.1425
386	0.171
387	0.1995
388	0.228
389	0.2565
390	0.285
391	0.3135
392	0.342
393	0.3705
394	0.399
395	0.4275
396	0.456
397	0.4845
398	0.513
399	0.5415
400	0.57
401	0.5855
402	0.601
403	0.6165
404	0.632
405	0.6475
406	0.663
407	0.6785
408	0.694
409	0.7095
410	0.725
411	0.7405
412	0.756
413	0.7715
414	0.787
415	0.8025
416	0.818
417	0.8335
418	0.849
419	0.8645
420	0.88
421	0.882
422	0.884
423	0.886
424	0.888
425	0.89
426	0.892
427	0.894
428	0.896
429	0.898
430	0.9
431	0.902
432	0.904
433	0.906
434	0.908
435	0.91
436	0.912
437	0.914
438	0.916
439	0.918
440	0.92
441	0.897
442	0.874
443	0.851
444	0.828
445	0.805
446	0.782
447	0.759
448	0.736
449	0.713
450	0.69
451	0.667
452	0.644
453	0.621
454	0.598
455	0.575
456	0.552
457	0.529
458	0.506
459	0.483
460	0.46
461	0.437
462	0.414
463	0.391
464	0.368
465	0.345
466	0.322
467	0.299
468	0.276
469	0.253
470	0.23
471	0.207
472	0.184
473	0.161
474	0.138
475	0.115
476	0.092
477	0.0690000000000001
478	0.046
479	0.023
480	0
481	0
482	0
483	0
484	0
485	0
486	0
487	0
488	0
489	0
490	0
491	0
492	0
493	0
494	0
495	0
496	0
497	0
498	0
499	0
500	0
501	0
502	0
503	0
504	0
505	0
506	0
507	0
508	0
509	0
510	0
511	0
512	0
513	0
514	0
515	0
516	0
517	0
518	0
519	0
520	0
521	0
522	0
523	0
524	0
525	0
526	0
527	0
528	0
529	0
530	0
531	0
532	0
533	0
534	0
535	0
536	0
537	0
538	0
539	0
540	0
