age	gymnosperms
0	0.41
1	0.41
2	0.41
3	0.41
4	0.41
5	0.41
6	0.42
7	0.42
8	0.42
9	0.42
10	0.42
11	0.42
12	0.42
13	0.42
14	0.42
15	0.42
16	0.42
17	0.42
18	0.42
19	0.42
20	0.42
21	0.42
22	0.42
23	0.42
24	0.41
25	0.39
26	0.39
27	0.39
28	0.38
29	0.37
30	0.37
31	0.37
32	0.37
33	0.36
34	0.36
35	0.36
36	0.38
37	0.39
38	0.4
39	0.4
40	0.41
41	0.41
42	0.41
43	0.41
44	0.41
45	0.41
46	0.41
47	0.41
48	0.4
49	0.4
50	0.4
51	0.4
52	0.41
53	0.41
54	0.4
55	0.39
56	0.39
57	0.38
58	0.37
59	0.37
60	0.37
61	0.36
62	0.36
63	0.36
64	0.36
65	0.37
66	0.4
67	0.43
68	0.44
69	0.45
70	0.46
71	0.47
72	0.48
73	0.49
74	0.49
75	0.5
76	0.5
77	0.51
78	0.52
79	0.52
80	0.52
81	0.52
82	0.52
83	0.53
84	0.53
85	0.53
86	0.54
87	0.54
88	0.55
89	0.56
90	0.57
91	0.59
92	0.63
93	0.68
94	0.73
95	0.78
96	0.82
97	0.87
98	0.91
99	0.93
100	0.94
101	0.95
102	0.96
103	0.97
104	0.98
105	0.99
106	0.99
107	1
108	1
109	1
110	1
111	1
112	0.99
113	0.98
114	0.98
115	0.96
116	0.95
117	0.94
118	0.94
119	0.94
120	0.93
121	0.92
122	0.91
123	0.91
124	0.9
125	0.9
126	0.9
127	0.9
128	0.9
129	0.9
130	0.9
131	0.9
132	0.91
133	0.91
134	0.91
135	0.92
136	0.92
137	0.92
138	0.92
139	0.92
140	0.92
141	0.92
142	0.91
143	0.91
144	0.92
145	0.91
146	0.91
147	0.89
148	0.87
149	0.85
150	0.83
151	0.82
152	0.82
153	0.81
154	0.81
155	0.81
156	0.81
157	0.81
158	0.81
159	0.82
160	0.82
161	0.81
162	0.82
163	0.81
164	0.82
165	0.82
166	0.82
167	0.81
168	0.81
169	0.8
170	0.78
171	0.77
172	0.77
173	0.76
174	0.76
175	0.76
176	0.76
177	0.76
178	0.76
179	0.77
180	0.77
181	0.77
182	0.78
183	0.78
184	0.78
185	0.78
186	0.79
187	0.79
188	0.8
189	0.81
190	0.81
191	0.82
192	0.83
193	0.84
194	0.85
195	0.86
196	0.86
197	0.87
198	0.87
199	0.88
200	0.9
201	0.92
202	0.93
203	0.94
204	0.94
205	0.94
206	0.94
207	0.94
208	0.94
209	0.94
210	0.94
211	0.93
212	0.93
213	0.92
214	0.91
215	0.9
216	0.89
217	0.88
218	0.87
219	0.86
220	0.84
221	0.84
222	0.83
223	0.82
224	0.82
225	0.82
226	0.82
227	0.82
228	0.82
229	0.82
230	0.82
231	0.82
232	0.82
233	0.82
234	0.82
235	0.82
236	0.81
237	0.81
238	0.79
239	0.78
240	0.77
241	0.76
242	0.74
243	0.71
244	0.69
245	0.66
246	0.63
247	0.62
248	0.6
249	0.59
250	0.58
251	0.59
252	0.68
253	0.67
254	0.66
255	0.64
256	0.63
257	0.62
258	0.62
259	0.62
260	0.61
261	0.61
262	0.61
263	0.61
264	0.61
265	0.61
266	0.6
267	0.59
268	0.59
269	0.58
270	0.57
271	0.57
272	0.54
273	0.51
274	0.51
275	0.51
276	0.51
277	0.51
278	0.51
279	0.52
280	0.52
281	0.52
282	0.52
283	0.52
284	0.52
285	0.52
286	0.52
287	0.52
288	0.52
289	0.52
290	0.53
291	0.53
292	0.52
293	0.52
294	0.52
295	0.52
296	0.52
297	0.52
298	0.53
299	0.52
300	0.52
301	0.52
302	0.52
303	0.51
304	0.5
305	0.5
306	0.51
307	0.51
308	0.5
309	0.5
310	0.5
311	0.5
312	0.49
313	0.49
314	0.49
315	0.48
316	0.48
317	0.48
318	0.48
319	0.47
320	0.47
321	0.47
322	0.46
323	0.46
324	0.46
325	0.45
326	0.45
327	0.45
328	0.44
329	0.44
330	0.44
331	0.43
332	0.43
333	0.43
334	0.42
335	0.42
336	0.42
337	0.42
338	0.42
339	0.41
340	0.41
341	0.4
342	0.4
343	0.4
344	0.4
345	0.39
346	0.39
347	0.39
348	0.39
349	0.38
350	0.38
351	0.38
352	0.37
353	0.37
354	0.36
355	0.36
356	0.35
357	0.34
358	0.33
359	0.32
360	0.31
361	0.23
362	0.13
363	0.09
364	0.08
365	0.08
366	0.07
367	0.06
368	0.05
369	0.04
370	0.03
371	0.02
372	0.01
373	0.01
374	0.01
375	0.01
376	0.01
377	0.01
378	0.01
379	0.01
380	0
381	0
382	0
383	0
384	0
