age	magmatism
0	0.03
1	0.027
2	0.024
3	0.021
4	0.018
5	0.015
6	0.012
7	0.009
8	0.006
9	0.003
10	0
11	0.00888888888888889
12	0.0177777777777778
13	0.0266666666666667
14	0.0355555555555556
15	0.0444444444444444
16	0.0533333333333333
17	0.0622222222222222
18	0.0711111111111111
19	0.08
20	0.0913636363636364
21	0.102727272727273
22	0.114090909090909
23	0.125454545454545
24	0.136818181818182
25	0.148181818181818
26	0.159545454545455
27	0.170909090909091
28	0.182272727272727
29	0.193636363636364
30	0.205
31	0.216363636363636
32	0.227727272727273
33	0.239090909090909
34	0.250454545454545
35	0.261818181818182
36	0.273181818181818
37	0.284545454545455
38	0.295909090909091
39	0.307272727272727
40	0.318636363636364
41	0.33
42	0.340625
43	0.35125
44	0.361875
45	0.3725
46	0.383125
47	0.39375
48	0.404375
49	0.415
50	0.425625
51	0.43625
52	0.446875
53	0.4575
54	0.468125
55	0.47875
56	0.489375
57	0.5
58	0.512
59	0.524
60	0.536
61	0.548
62	0.56
63	0.572
64	0.584
65	0.596
66	0.608
67	0.62
68	0.632
69	0.644
70	0.656
71	0.668
72	0.68
73	0.68969696969697
74	0.699393939393939
75	0.709090909090909
76	0.718787878787879
77	0.728484848484849
78	0.738181818181818
79	0.747878787878788
80	0.757575757575758
81	0.767272727272727
82	0.776969696969697
83	0.786666666666667
84	0.796363636363636
85	0.806060606060606
86	0.815757575757576
87	0.825454545454545
88	0.835151515151515
89	0.844848484848485
90	0.854545454545454
91	0.864242424242424
92	0.873939393939394
93	0.883636363636364
94	0.893333333333333
95	0.903030303030303
96	0.912727272727273
97	0.922424242424242
98	0.932121212121212
99	0.941818181818182
100	0.951515151515152
101	0.961212121212121
102	0.970909090909091
103	0.980606060606061
104	0.99030303030303
105	1
106	0.994583333333333
107	0.989166666666667
108	0.98375
109	0.978333333333333
110	0.972916666666667
111	0.9675
112	0.962083333333333
113	0.956666666666667
114	0.95125
115	0.945833333333333
116	0.940416666666667
117	0.935
118	0.929583333333333
119	0.924166666666667
120	0.91875
121	0.913333333333333
122	0.907916666666667
123	0.9025
124	0.897083333333333
125	0.891666666666667
126	0.88625
127	0.880833333333333
128	0.875416666666667
129	0.87
130	0.865172413793103
131	0.860344827586207
132	0.85551724137931
133	0.850689655172414
134	0.845862068965517
135	0.841034482758621
136	0.836206896551724
137	0.831379310344828
138	0.826551724137931
139	0.821724137931034
140	0.816896551724138
141	0.812068965517241
142	0.807241379310345
143	0.802413793103448
144	0.797586206896552
145	0.792758620689655
146	0.787931034482759
147	0.783103448275862
148	0.778275862068965
149	0.773448275862069
150	0.768620689655172
151	0.763793103448276
152	0.758965517241379
153	0.754137931034483
154	0.749310344827586
155	0.74448275862069
156	0.739655172413793
157	0.734827586206896
158	0.73
159	0.718
160	0.706
161	0.694
162	0.682
163	0.67
164	0.6625
165	0.655
166	0.6475
167	0.64
168	0.6325
169	0.625
170	0.6175
171	0.61
172	0.6025
173	0.595
174	0.5875
175	0.58
176	0.5725
177	0.565
178	0.5575
179	0.55
180	0.5425
181	0.535
182	0.5275
183	0.52
184	0.5125
185	0.505
186	0.4975
187	0.49
188	0.487857142857143
189	0.485714285714286
190	0.483571428571429
191	0.481428571428571
192	0.479285714285714
193	0.477142857142857
194	0.475
195	0.472857142857143
196	0.470714285714286
197	0.468571428571429
198	0.466428571428571
199	0.464285714285714
200	0.462142857142857
201	0.46
202	0.457857142857143
203	0.455714285714286
204	0.453571428571429
205	0.451428571428571
206	0.449285714285714
207	0.447142857142857
208	0.445
209	0.442857142857143
210	0.440714285714286
211	0.438571428571429
212	0.436428571428571
213	0.434285714285714
214	0.432142857142857
215	0.43
216	0.418
217	0.406
218	0.394
219	0.382
220	0.37
221	0.36
222	0.35
223	0.34
224	0.33
225	0.32
226	0.31
227	0.3
228	0.29
229	0.28
230	0.27
231	0.26
232	0.25
233	0.24
234	0.23
235	0.22
236	0.21
237	0.2
238	0.201176470588235
239	0.202352941176471
240	0.203529411764706
241	0.204705882352941
242	0.205882352941176
243	0.207058823529412
244	0.208235294117647
245	0.209411764705882
246	0.210588235294118
247	0.211764705882353
248	0.212941176470588
249	0.214117647058824
250	0.215294117647059
251	0.216470588235294
252	0.217647058823529
253	0.218823529411765
254	0.22
255	0.222
256	0.224
257	0.226
258	0.228
259	0.23
260	0.232
261	0.234
262	0.236
263	0.238
264	0.24
265	0.242
266	0.244
267	0.246
268	0.248
269	0.25
270	0.252
271	0.254
272	0.256
273	0.258
274	0.26
275	0.262
276	0.264
277	0.266
278	0.268
279	0.27
280	0.272
281	0.274
282	0.276
283	0.278
284	0.28
285	0.282
286	0.284
287	0.286
288	0.288
289	0.29
290	0.292
291	0.294
292	0.296
293	0.298
294	0.3
295	0.302
296	0.304
297	0.306
298	0.308
299	0.31
300	0.310833333333333
301	0.311666666666667
302	0.3125
303	0.313333333333333
304	0.314166666666667
305	0.315
306	0.315833333333333
307	0.316666666666667
308	0.3175
309	0.318333333333333
310	0.319166666666667
311	0.32
312	0.320833333333333
313	0.321666666666667
314	0.3225
315	0.323333333333333
316	0.324166666666667
317	0.325
318	0.325833333333333
319	0.326666666666667
320	0.3275
321	0.328333333333333
322	0.329166666666667
323	0.33
324	0.34
325	0.35
326	0.36
327	0.37
328	0.38
329	0.39
330	0.4
331	0.41
332	0.42
333	0.43
334	0.441875
335	0.45375
336	0.465625
337	0.4775
338	0.489375
339	0.50125
340	0.513125
341	0.525
342	0.536875
343	0.54875
344	0.560625
345	0.5725
346	0.584375
347	0.59625
348	0.608125
349	0.62
350	0.62551724137931
351	0.631034482758621
352	0.636551724137931
353	0.642068965517241
354	0.647586206896552
355	0.653103448275862
356	0.658620689655172
357	0.664137931034483
358	0.669655172413793
359	0.675172413793103
360	0.680689655172414
361	0.686206896551724
362	0.691724137931034
363	0.697241379310345
364	0.702758620689655
365	0.708275862068966
366	0.713793103448276
367	0.719310344827586
368	0.724827586206897
369	0.730344827586207
370	0.735862068965517
371	0.741379310344828
372	0.746896551724138
373	0.752413793103448
374	0.757931034482759
375	0.763448275862069
376	0.768965517241379
377	0.77448275862069
378	0.78
379	0.776842105263158
380	0.773684210526316
381	0.770526315789474
382	0.767368421052632
383	0.764210526315789
384	0.761052631578947
385	0.757894736842105
386	0.754736842105263
387	0.751578947368421
388	0.748421052631579
389	0.745263157894737
390	0.742105263157895
391	0.738947368421053
392	0.735789473684211
393	0.732631578947368
394	0.729473684210526
395	0.726315789473684
396	0.723157894736842
397	0.72
398	0.716842105263158
399	0.713684210526316
400	0.710526315789474
401	0.707368421052632
402	0.70421052631579
403	0.701052631578947
404	0.697894736842105
405	0.694736842105263
406	0.691578947368421
407	0.688421052631579
408	0.685263157894737
409	0.682105263157895
410	0.678947368421053
411	0.67578947368421
412	0.672631578947368
413	0.669473684210526
414	0.666315789473684
415	0.663157894736842
416	0.66
417	0.662083333333333
418	0.664166666666667
419	0.66625
420	0.668333333333333
421	0.670416666666667
422	0.6725
423	0.674583333333333
424	0.676666666666667
425	0.67875
426	0.680833333333333
427	0.682916666666667
428	0.685
429	0.687083333333333
430	0.689166666666667
431	0.69125
432	0.693333333333333
433	0.695416666666667
434	0.6975
435	0.699583333333333
436	0.701666666666667
437	0.70375
438	0.705833333333333
439	0.707916666666667
440	0.71
441	0.716764705882353
442	0.723529411764706
443	0.730294117647059
444	0.737058823529412
445	0.743823529411765
446	0.750588235294118
447	0.757352941176471
448	0.764117647058823
449	0.770882352941176
450	0.777647058823529
451	0.784411764705882
452	0.791176470588235
453	0.797941176470588
454	0.804705882352941
455	0.811470588235294
456	0.818235294117647
457	0.825
458	0.831764705882353
459	0.838529411764706
460	0.845294117647059
461	0.852058823529412
462	0.858823529411765
463	0.865588235294118
464	0.872352941176471
465	0.879117647058824
466	0.885882352941176
467	0.892647058823529
468	0.899411764705882
469	0.906176470588235
470	0.912941176470588
471	0.919705882352941
472	0.926470588235294
473	0.933235294117647
474	0.94
475	0.94125
476	0.9425
477	0.94375
478	0.945
479	0.94625
480	0.9475
481	0.94875
482	0.95
483	0.95125
484	0.9525
485	0.95375
486	0.955
487	0.95625
488	0.9575
489	0.95875
490	0.96
491	0.953703703703704
492	0.947407407407407
493	0.941111111111111
494	0.934814814814815
495	0.928518518518519
496	0.922222222222222
497	0.915925925925926
498	0.90962962962963
499	0.903333333333333
500	0.897037037037037
501	0.890740740740741
502	0.884444444444444
503	0.878148148148148
504	0.871851851851852
505	0.865555555555556
506	0.859259259259259
507	0.852962962962963
508	0.846666666666667
509	0.84037037037037
510	0.834074074074074
511	0.827777777777778
512	0.821481481481481
513	0.815185185185185
514	0.808888888888889
515	0.802592592592593
516	0.796296296296296
517	0.79
518	0.775
519	0.76
520	0.745
521	0.73
522	0.715
523	0.7
524	0.685
525	0.67
526	0.655
527	0.64
528	0.625
529	0.61
530	0.605
531	0.6
532	0.595
533	0.59
534	0.585
535	0.58
536	0.575
537	0.57
538	0.565
539	0.56
540	0.555
541	0.55
