age	mountain_area
0	0.98
1	0.982
2	0.984
3	0.986
4	0.988
5	0.99
6	0.992
7	0.994
8	0.996
9	0.998
10	1
11	1.005
12	1.01
13	1.015
14	1.02
15	1.025
16	1.03
17	1.035
18	1.04
19	1.045
20	1.05
21	1.04
22	1.03
23	1.02
24	1.01
25	1
26	0.99
27	0.98
28	0.97
29	0.96
30	0.95
31	0.901
32	0.852
33	0.803
34	0.754
35	0.705
36	0.656
37	0.607
38	0.558
39	0.509
40	0.46
41	0.448
42	0.436
43	0.424
44	0.412
45	0.4
46	0.388
47	0.376
48	0.364
49	0.352
50	0.34
51	0.331
52	0.322
53	0.313
54	0.304
55	0.295
56	0.286
57	0.277
58	0.268
59	0.259
60	0.25
61	0.252
62	0.254
63	0.256
64	0.258
65	0.26
66	0.262
67	0.264
68	0.266
69	0.268
70	0.27
71	0.265
72	0.26
73	0.255
74	0.25
75	0.245
76	0.24
77	0.235
78	0.23
79	0.225
80	0.22
81	0.228
82	0.236
83	0.244
84	0.252
85	0.26
86	0.268
87	0.276
88	0.284
89	0.292
90	0.3
91	0.339
92	0.378
93	0.417
94	0.456
95	0.495
96	0.534
97	0.573
98	0.612
99	0.651
100	0.69
101	0.656
102	0.622
103	0.588
104	0.554
105	0.52
106	0.486
107	0.452
108	0.418
109	0.384
110	0.35
111	0.348
112	0.346
113	0.344
114	0.342
115	0.34
116	0.338
117	0.336
118	0.334
119	0.332
120	0.33
121	0.319
122	0.308
123	0.297
124	0.286
125	0.275
126	0.264
127	0.253
128	0.242
129	0.231
130	0.22
131	0.25
132	0.28
133	0.31
134	0.34
135	0.37
136	0.4
137	0.43
138	0.46
139	0.49
140	0.52
141	0.516
142	0.512
143	0.508
144	0.504
145	0.5
146	0.496
147	0.492
148	0.488
149	0.484
150	0.48
151	0.47
152	0.46
153	0.45
154	0.44
155	0.43
156	0.42
157	0.41
158	0.4
159	0.39
160	0.38
161	0.361
162	0.342
163	0.323
164	0.304
165	0.285
166	0.266
167	0.247
168	0.228
169	0.209
170	0.19
171	0.219
172	0.248
173	0.277
174	0.306
175	0.335
176	0.364
177	0.393
178	0.422
179	0.451
180	0.48
181	0.454
182	0.428
183	0.402
184	0.376
185	0.35
186	0.324
187	0.298
188	0.272
189	0.246
190	0.22
191	0.246
192	0.272
193	0.298
194	0.324
195	0.35
196	0.376
197	0.402
198	0.428
199	0.454
200	0.48
201	0.4675
202	0.455
203	0.4425
204	0.43
205	0.4175
206	0.405
207	0.3925
208	0.38
209	0.3675
210	0.355
211	0.3425
212	0.33
213	0.3175
214	0.305
215	0.2925
216	0.28
217	0.2675
218	0.255
219	0.2425
220	0.23
221	0.2385
222	0.247
223	0.2555
224	0.264
225	0.2725
226	0.281
227	0.2895
228	0.298
229	0.3065
230	0.315
231	0.3235
232	0.332
233	0.3405
234	0.349
235	0.3575
236	0.366
237	0.3745
238	0.383
239	0.3915
240	0.4
241	0.38
242	0.36
243	0.34
244	0.32
245	0.3
246	0.28
247	0.26
248	0.24
249	0.22
250	0.2
251	0.18
252	0.16
253	0.14
254	0.12
255	0.1
256	0.08
257	0.06
258	0.04
259	0.02
260	0
261	0.0265
262	0.053
263	0.0795
264	0.106
265	0.1325
266	0.159
267	0.1855
268	0.212
269	0.2385
270	0.265
271	0.2915
272	0.318
273	0.3445
274	0.371
275	0.3975
276	0.424
277	0.4505
278	0.477
279	0.5035
280	0.53
281	0.521
282	0.512
283	0.503
284	0.494
285	0.485
286	0.476
287	0.467
288	0.458
289	0.449
290	0.44
291	0.431
292	0.422
293	0.413
294	0.404
295	0.395
296	0.386
297	0.377
298	0.368
299	0.359
300	0.35
301	0.3685
302	0.387
303	0.4055
304	0.424
305	0.4425
306	0.461
307	0.4795
308	0.498
309	0.5165
310	0.535
311	0.5535
312	0.572
313	0.5905
314	0.609
315	0.6275
316	0.646
317	0.6645
318	0.683
319	0.7015
320	0.72
321	0.704
322	0.688
323	0.672
324	0.656
325	0.64
326	0.624
327	0.608
328	0.592
329	0.576
330	0.56
331	0.544
332	0.528
333	0.512
334	0.496
335	0.48
336	0.464
337	0.448
338	0.432
339	0.416
340	0.4
341	0.3915
342	0.383
343	0.3745
344	0.366
345	0.3575
346	0.349
347	0.3405
348	0.332
349	0.3235
350	0.315
351	0.3065
352	0.298
353	0.2895
354	0.281
355	0.2725
356	0.264
357	0.2555
358	0.247
359	0.2385
360	0.23
361	0.223
362	0.216
363	0.209
364	0.202
365	0.195
366	0.188
367	0.181
368	0.174
369	0.167
370	0.16
371	0.153
372	0.146
373	0.139
374	0.132
375	0.125
376	0.118
377	0.111
378	0.104
379	0.097
380	0.09
381	0.0925
382	0.095
383	0.0975
384	0.1
385	0.1025
386	0.105
387	0.1075
388	0.11
389	0.1125
390	0.115
391	0.1175
392	0.12
393	0.1225
394	0.125
395	0.1275
396	0.13
397	0.1325
398	0.135
399	0.1375
400	0.14
