age	oxygen
0	0.32
1	0.33
2	0.34
3	0.35
4	0.36
5	0.37
6	0.38
7	0.39
8	0.4
9	0.41
10	0.42
11	0.425
12	0.43
13	0.435
14	0.44
15	0.445
16	0.45
17	0.455
18	0.46
19	0.465
20	0.47
21	0.47
22	0.47
23	0.47
24	0.47
25	0.47
26	0.47
27	0.47
28	0.47
29	0.47
30	0.47
31	0.465454545454545
32	0.460909090909091
33	0.456363636363636
34	0.451818181818182
35	0.447272727272727
36	0.442727272727273
37	0.438181818181818
38	0.433636363636364
39	0.429090909090909
40	0.424545454545455
41	0.42
42	0.42
43	0.42
44	0.42
45	0.42
46	0.42
47	0.42
48	0.42
49	0.42
50	0.42
51	0.42
52	0.42
53	0.42
54	0.42
55	0.42
56	0.42
57	0.42
58	0.42
59	0.42
60	0.42
61	0.42
62	0.42
63	0.42
64	0.42
65	0.42
66	0.42
67	0.42
68	0.42
69	0.42
70	0.42
71	0.42
72	0.42
73	0.42
74	0.42
75	0.42
76	0.42
77	0.42
78	0.42
79	0.42
80	0.42
81	0.42
82	0.42
83	0.42
84	0.42
85	0.42
86	0.42
87	0.42
88	0.42
89	0.42
90	0.42
91	0.42
92	0.42
93	0.42
94	0.42
95	0.42
96	0.42
97	0.42
98	0.42
99	0.42
100	0.42
101	0.415833333333333
102	0.411666666666667
103	0.4075
104	0.403333333333333
105	0.399166666666667
106	0.395
107	0.390833333333333
108	0.386666666666667
109	0.3825
110	0.378333333333333
111	0.374166666666667
112	0.37
113	0.357777777777778
114	0.345555555555556
115	0.333333333333333
116	0.321111111111111
117	0.308888888888889
118	0.296666666666667
119	0.284444444444444
120	0.272222222222222
121	0.26
122	0.245
123	0.23
124	0.215
125	0.2
126	0.185
127	0.17
128	0.155
129	0.14
130	0.125
131	0.11
132	0.103333333333333
133	0.0966666666666667
134	0.09
135	0.0833333333333333
136	0.0766666666666667
137	0.07
138	0.0633333333333333
139	0.0566666666666667
140	0.05
141	0.056
142	0.062
143	0.068
144	0.074
145	0.08
146	0.086
147	0.092
148	0.098
149	0.104
150	0.11
151	0.104
152	0.098
153	0.092
154	0.086
155	0.08
156	0.074
157	0.068
158	0.062
159	0.056
160	0.05
161	0.05
162	0.05
163	0.05
164	0.05
165	0.05
166	0.05
167	0.05
168	0.05
169	0.05
170	0.05
171	0.0444444444444444
172	0.0388888888888889
173	0.0333333333333333
174	0.0277777777777778
175	0.0222222222222222
176	0.0166666666666667
177	0.0111111111111111
178	0.00555555555555556
179	0
180	0.005
181	0.01
182	0.015
183	0.02
184	0.025
185	0.03
186	0.035
187	0.04
188	0.045
189	0.05
190	0.0690909090909091
191	0.0881818181818182
192	0.107272727272727
193	0.126363636363636
194	0.145454545454545
195	0.164545454545455
196	0.183636363636364
197	0.202727272727273
198	0.221818181818182
199	0.240909090909091
200	0.26
201	0.279090909090909
202	0.298181818181818
203	0.317272727272727
204	0.336363636363636
205	0.355454545454545
206	0.374545454545455
207	0.393636363636364
208	0.412727272727273
209	0.431818181818182
210	0.450909090909091
211	0.47
212	0.47
213	0.47
214	0.47
215	0.47
216	0.47
217	0.47
218	0.47
219	0.47
220	0.47
221	0.456363636363636
222	0.442727272727273
223	0.429090909090909
224	0.415454545454545
225	0.401818181818182
226	0.388181818181818
227	0.374545454545455
228	0.360909090909091
229	0.347272727272727
230	0.333636363636364
231	0.32
232	0.314
233	0.308
234	0.302
235	0.296
236	0.29
237	0.284
238	0.278
239	0.272
240	0.266
241	0.26
242	0.287
243	0.314
244	0.341
245	0.368
246	0.395
247	0.422
248	0.449
249	0.476
250	0.503
251	0.53
252	0.566
253	0.602
254	0.638
255	0.674
256	0.71
257	0.746
258	0.782
259	0.818
260	0.854
261	0.89
262	0.896
263	0.902
264	0.908
265	0.914
266	0.92
267	0.926
268	0.932
269	0.938
270	0.944
271	0.95
272	0.954545454545454
273	0.959090909090909
274	0.963636363636364
275	0.968181818181818
276	0.972727272727273
277	0.977272727272727
278	0.981818181818182
279	0.986363636363636
280	0.990909090909091
281	0.995454545454545
282	1
283	0.994444444444444
284	0.988888888888889
285	0.983333333333333
286	0.977777777777778
287	0.972222222222222
288	0.966666666666667
289	0.961111111111111
290	0.955555555555555
291	0.95
292	0.939
293	0.928
294	0.917
295	0.906
296	0.895
297	0.884
298	0.873
299	0.862
300	0.851
301	0.84
302	0.819
303	0.798
304	0.777
305	0.756
306	0.735
307	0.714
308	0.693
309	0.672
310	0.651
311	0.63
312	0.604
313	0.578
314	0.552
315	0.526
316	0.5
317	0.474
318	0.448
319	0.422
320	0.396
321	0.37
322	0.37
323	0.37
324	0.37
325	0.37
326	0.37
327	0.37
328	0.37
329	0.37
330	0.37
331	0.38
332	0.39
333	0.4
334	0.41
335	0.42
336	0.43
337	0.44
338	0.45
339	0.46
340	0.47
341	0.47
342	0.47
343	0.47
344	0.47
345	0.47
346	0.47
347	0.47
348	0.47
349	0.47
350	0.47
351	0.46
352	0.45
353	0.44
354	0.43
355	0.42
356	0.41
357	0.4
358	0.39
359	0.38
360	0.37
361	0.355454545454545
362	0.340909090909091
363	0.326363636363636
364	0.311818181818182
365	0.297272727272727
366	0.282727272727273
367	0.268181818181818
368	0.253636363636364
369	0.239090909090909
370	0.224545454545455
371	0.21
372	0.21
373	0.21
374	0.21
375	0.21
376	0.21
377	0.21
378	0.21
379	0.21
380	0.21
381	0.21
382	0.215
383	0.22
384	0.225
385	0.23
386	0.235
387	0.24
388	0.245
389	0.25
390	0.255
391	0.26
392	0.276
393	0.292
394	0.308
395	0.324
396	0.34
397	0.356
398	0.372
399	0.388
400	0.404
401	0.42
402	0.441
403	0.462
404	0.483
405	0.504
406	0.525
407	0.546
408	0.567
409	0.588
410	0.609
411	0.63
412	0.612222222222222
413	0.594444444444444
414	0.576666666666667
415	0.558888888888889
416	0.541111111111111
417	0.523333333333333
418	0.505555555555556
419	0.487777777777778
420	0.47
421	0.460909090909091
422	0.451818181818182
423	0.442727272727273
424	0.433636363636364
425	0.424545454545455
426	0.415454545454545
427	0.406363636363636
428	0.397272727272727
429	0.388181818181818
430	0.379090909090909
431	0.37
432	0.364444444444444
433	0.358888888888889
434	0.353333333333333
435	0.347777777777778
436	0.342222222222222
437	0.336666666666667
438	0.331111111111111
439	0.325555555555556
440	0.32
441	0.31
442	0.3
443	0.29
444	0.28
445	0.27
446	0.26
447	0.25
448	0.24
449	0.23
450	0.22
451	0.21
452	0.205
453	0.2
454	0.195
455	0.19
456	0.185
457	0.18
458	0.175
459	0.17
460	0.165
461	0.16
462	0.155
463	0.15
464	0.145
465	0.14
466	0.135
467	0.13
468	0.125
469	0.12
470	0.115
471	0.11
472	0.125
473	0.14
474	0.155
475	0.17
476	0.185
477	0.2
478	0.215
479	0.23
480	0.245
481	0.26
482	0.271
483	0.282
484	0.293
485	0.304
486	0.315
487	0.326
488	0.337
489	0.348
490	0.359
491	0.37
492	0.352222222222222
493	0.334444444444444
494	0.316666666666667
495	0.298888888888889
496	0.281111111111111
497	0.263333333333333
498	0.245555555555556
499	0.227777777777778
500	0.21
501	0.224545454545455
502	0.239090909090909
503	0.253636363636364
504	0.268181818181818
505	0.282727272727273
506	0.297272727272727
507	0.311818181818182
508	0.326363636363636
509	0.340909090909091
510	0.355454545454545
511	0.37
512	0.375555555555556
513	0.381111111111111
514	0.386666666666667
515	0.392222222222222
516	0.397777777777778
517	0.403333333333333
518	0.408888888888889
519	0.414444444444444
520	0.42
521	0.405454545454545
522	0.390909090909091
523	0.376363636363636
524	0.361818181818182
525	0.347272727272727
526	0.332727272727273
527	0.318181818181818
528	0.303636363636364
529	0.289090909090909
530	0.274545454545455
531	0.26
532	0.25
533	0.24
534	0.23
535	0.22
536	0.21
537	0.2
538	0.19
539	0.18
540	0.17
541	0.16
