age	scatter_index
0	1
1	0.9935
2	0.987
3	0.9805
4	0.974
5	0.9675
6	0.961
7	0.9545
8	0.948
9	0.9415
10	0.935
11	0.9285
12	0.922
13	0.9155
14	0.909
15	0.9025
16	0.896
17	0.8895
18	0.883
19	0.8765
20	0.87
21	0.864
22	0.858
23	0.852
24	0.846
25	0.84
26	0.834
27	0.828
28	0.822
29	0.816
30	0.81
31	0.804
32	0.798
33	0.792
34	0.786
35	0.78
36	0.774
37	0.768
38	0.762
39	0.756
40	0.75
41	0.744
42	0.738
43	0.732
44	0.726
45	0.72
46	0.715428571428571
47	0.710857142857143
48	0.706285714285714
49	0.701714285714286
50	0.697142857142857
51	0.692571428571429
52	0.688
53	0.683428571428571
54	0.678857142857143
55	0.674285714285714
56	0.669714285714286
57	0.665142857142857
58	0.660571428571429
59	0.656
60	0.651428571428571
61	0.646857142857143
62	0.642285714285714
63	0.637714285714286
64	0.633142857142857
65	0.628571428571429
66	0.624
67	0.619428571428571
68	0.614857142857143
69	0.610285714285714
70	0.605714285714286
71	0.601142857142857
72	0.596571428571429
73	0.592
74	0.587428571428571
75	0.582857142857143
76	0.578285714285714
77	0.573714285714286
78	0.569142857142857
79	0.564571428571429
80	0.56
81	0.5508
82	0.5416
83	0.5324
84	0.5232
85	0.514
86	0.5048
87	0.4956
88	0.4864
89	0.4772
90	0.468
91	0.4588
92	0.4496
93	0.4404
94	0.4312
95	0.422
96	0.4128
97	0.4036
98	0.3944
99	0.3852
100	0.376
101	0.3668
102	0.3576
103	0.3484
104	0.3392
105	0.33
106	0.3225
107	0.315
108	0.3075
109	0.3
110	0.2925
111	0.285
112	0.2775
113	0.27
114	0.2625
115	0.255
116	0.2475
117	0.24
118	0.2325
119	0.225
120	0.2175
121	0.21
122	0.2025
123	0.195
124	0.1875
125	0.18
126	0.1776
127	0.1752
128	0.1728
129	0.1704
130	0.168
131	0.1656
132	0.1632
133	0.1608
134	0.1584
135	0.156
136	0.1536
137	0.1512
138	0.1488
139	0.1464
140	0.144
141	0.1416
142	0.1392
143	0.1368
144	0.1344
145	0.132
146	0.1296
147	0.1272
148	0.1248
149	0.1224
150	0.12
151	0.115
152	0.11
153	0.105
154	0.1
155	0.095
156	0.09
157	0.085
158	0.08
159	0.075
160	0.07
161	0.068
162	0.066
163	0.064
164	0.062
165	0.06
166	0.058
167	0.056
168	0.054
169	0.052
170	0.05
171	0.048
172	0.046
173	0.044
174	0.042
175	0.04
176	0.038
177	0.036
178	0.034
179	0.032
180	0.03
181	0.03
182	0.03
183	0.03
184	0.03
185	0.03
186	0.03
187	0.03
188	0.03
189	0.03
190	0.03
191	0.03
192	0.03
193	0.03
194	0.03
195	0.03
196	0.03
197	0.03
198	0.03
199	0.03
200	0.03
201	0.03
202	0.03
203	0.03
204	0.03
205	0.03
206	0.03
207	0.03
208	0.03
209	0.03
210	0.03
211	0.048
212	0.066
213	0.084
214	0.102
215	0.12
216	0.138
217	0.156
218	0.174
219	0.192
220	0.21
221	0.2045
222	0.199
223	0.1935
224	0.188
225	0.1825
226	0.177
227	0.1715
228	0.166
229	0.1605
230	0.155
231	0.1495
232	0.144
233	0.1385
234	0.133
235	0.1275
236	0.122
237	0.1165
238	0.111
239	0.1055
240	0.1
241	0.09
242	0.08
243	0.07
244	0.06
245	0.05
246	0.04
247	0.03
248	0.02
249	0.01
250	0
251	0
252	0
253	0
254	0
255	0
256	0
257	0
258	0
259	0
260	0
261	0
262	0
263	0
264	0
265	0
266	0
267	0
268	0
269	0
270	0
271	0
272	0
273	0
274	0
275	0
276	0
277	0
278	0
279	0
280	0
281	0
282	0
283	0
284	0
285	0
286	0
287	0
288	0
289	0
290	0
291	0
292	0
293	0
294	0
295	0
296	0
297	0
298	0
299	0
300	0
301	0
302	0
303	0
304	0
305	0
306	0
307	0
308	0
309	0
310	0
311	0
312	0
313	0
314	0
315	0
316	0
317	0
318	0
319	0
320	0
321	0.017
322	0.034
323	0.051
324	0.068
325	0.085
326	0.102
327	0.119
328	0.136
329	0.153
330	0.17
331	0.187
332	0.204
333	0.221
334	0.238
335	0.255
336	0.272
337	0.289
338	0.306
339	0.323
340	0.34
341	0.347
342	0.354
343	0.361
344	0.368
345	0.375
346	0.382
347	0.389
348	0.396
349	0.403
350	0.41
351	0.417
352	0.424
353	0.431
354	0.438
355	0.445
356	0.452
357	0.459
358	0.466
359	0.473
360	0.48
361	0.4795
362	0.479
363	0.4785
364	0.478
365	0.4775
366	0.477
367	0.4765
368	0.476
369	0.4755
370	0.475
371	0.4745
372	0.474
373	0.4735
374	0.473
375	0.4725
376	0.472
377	0.4715
378	0.471
379	0.4705
380	0.47
381	0.4632
382	0.4564
383	0.4496
384	0.4428
385	0.436
386	0.4292
387	0.4224
388	0.4156
389	0.4088
390	0.402
391	0.3952
392	0.3884
393	0.3816
394	0.3748
395	0.368
396	0.3612
397	0.3544
398	0.3476
399	0.3408
400	0.334
401	0.3272
402	0.3204
403	0.3136
404	0.3068
405	0.3
406	0.3185
407	0.337
408	0.3555
409	0.374
410	0.3925
411	0.411
412	0.4295
413	0.448
414	0.4665
415	0.485
416	0.5035
417	0.522
418	0.5405
419	0.559
420	0.5775
421	0.596
422	0.6145
423	0.633
424	0.6515
425	0.67
426	0.662
427	0.654
428	0.646
429	0.638
430	0.63
431	0.622
432	0.614
433	0.606
434	0.598
435	0.59
436	0.582
437	0.574
438	0.566
439	0.558
440	0.55
441	0.542
442	0.534
443	0.526
444	0.518
445	0.51
446	0.502
447	0.494
448	0.486
449	0.478
450	0.47
451	0.462
452	0.454
453	0.446
454	0.438
455	0.43
456	0.432666666666667
457	0.435333333333333
458	0.438
459	0.440666666666667
460	0.443333333333333
461	0.446
462	0.448666666666667
463	0.451333333333333
464	0.454
465	0.456666666666667
466	0.459333333333333
467	0.462
468	0.464666666666667
469	0.467333333333333
470	0.47
471	0.472666666666667
472	0.475333333333333
473	0.478
474	0.480666666666667
475	0.483333333333333
476	0.486
477	0.488666666666667
478	0.491333333333333
479	0.494
480	0.496666666666667
481	0.499333333333333
482	0.502
483	0.504666666666667
484	0.507333333333333
485	0.51
486	0.5088
487	0.5076
488	0.5064
489	0.5052
490	0.504
491	0.5028
492	0.5016
493	0.5004
494	0.4992
495	0.498
496	0.4968
497	0.4956
498	0.4944
499	0.4932
500	0.492
501	0.4908
502	0.4896
503	0.4884
504	0.4872
505	0.486
506	0.4848
507	0.4836
508	0.4824
509	0.4812
510	0.48
511	0.482
512	0.484
513	0.486
514	0.488
515	0.49
516	0.492
517	0.494
518	0.496
519	0.498
520	0.5
521	0.502
522	0.504
523	0.506
524	0.508
525	0.51
526	0.512
527	0.514
528	0.516
529	0.518
530	0.52
