age	sealevel
0	0.28
0.19	0.31
0.75	0.12
1.03	0.35
1.31	0.2
1.45	0.36
1.73	0.2
1.87	0.37
2.01	0.19
2.15	0.37
2.43	0.09
2.71	0.38
2.85	0.2
2.99	0.37
3.27	0.23
3.55	0.39
3.97	0.24
4.25	0.38
4.53	0.25
4.95	0.4
5.51	0.22
5.79	0.41
6.21	0.44
7.05	0.41
7.61	0.47
8.17	0.48
8.45	0.48
8.87	0.44
9.29	0.44
9.86	0.51
10.28	0.53
10.84	0.49
11.4	0.35
11.68	0.47
12.24	0.51
12.66	0.45
13.08	0.51
13.64	0.43
14.06	0.48
14.62	0.34
15.04	0.46
15.6	0.48
16.3	0.33
16.86	0.45
17.28	0.39
17.84	0.44
18.4	0.37
18.96	0.44
19.24	0.37
19.66	0.44
20.08	0.32
20.78	0.43
21.48	0.38
21.9	0.41
22.46	0.4
22.88	0.34
23.44	0.38
24	0.38
24.56	0.34
25.4	0.37
25.82	0.38
26.66	0.36
27.22	0.34
27.92	0.38
28.34	0.26
28.76	0.42
29.32	0.37
30.3	0.42
31.14	0.4
31.98	0.37
32.68	0.42
33.38	0.37
33.94	0.48
34.5	0.44
35.2	0.57
35.62	0.54
36.32	0.63
36.88	0.41
37.58	0.67
38.56	0.62
39.56	0.691428571428572
39.82	0.71
40.82	0.638571428571428
41.08	0.62
42.06	0.75
42.9	0.63
43.9	0.790714285714285
44.02	0.81
45.02	0.774285714285714
45.14	0.77
46.14	0.823571428571429
46.26	0.83
47.24	0.63
48.22	0.86
49.22	0.663571428571429
49.34	0.64
49.9	0.86
50.18	0.83
50.6	0.86
50.88	0.81
51.3	0.86
51.58	0.82
52	0.84
52.42	0.8
52.84	0.84
53.26	0.8
53.68	0.81
53.96	0.78
54.1	0.81
54.24	0.77
54.52	0.8
54.66	0.77
54.94	0.8
55.36	0.76
55.64	0.79
55.92	0.74
56.2	0.79
56.34	0.69
56.62	0.77
57.04	0.67
57.32	0.75
57.46	0.7
57.74	0.75
58.02	0.7
58.72	0.74
59.14	0.55
59.98	0.73
60.68	0.54
61.38	0.64
61.95	0.52
62.65	0.68
63.35	0.64
63.77	0.68
64.33	0.65
64.61	0.71
65.17	0.68
66.17	0.760357142857143
66.29	0.77
67.29	0.725357142857142
67.41	0.72
67.97	0.79
68.53	0.71
68.95	0.82
69.23	0.71
69.65	0.78
69.79	0.64
70.35	0.83
70.63	0.78
71.61	0.88
72.61	0.713333333333334
72.87	0.67
73.57	0.88
74.13	0.91
75.11	0.87
75.67	0.93
76.23	0.88
76.79	0.94
77.35	0.81
78.33	0.93
79.31	0.7
79.73	0.94
80.15	0.82
80.57	0.95
80.85	0.9
81.13	0.94
81.41	0.76
82.25	0.98
82.81	0.92
83.23	0.97
83.65	0.79
83.93	0.99
84.35	0.89
84.91	1
85.33	0.93
86.03	0.97
86.73	0.92
87.73	0.975555555555556
87.99	0.99
88.99	0.811428571428572
89.11	0.79
89.95	0.96
90.51	0.77
90.79	0.93
91.21	0.87
91.63	0.91
92.19	0.73
93.19	0.856984126984127
93.45	0.89
94.15	0.84
94.71	0.87
95.13	0.84
95.69	0.88
96.11	0.67
96.81	0.87
97.37	0.84
97.79	0.87
98.07	0.77
98.77	0.93
99.33	0.73
99.89	0.93
100.59	0.88
101.29	0.93
101.99	0.82
102.99	0.923174603174603
103.25	0.95
104.25	0.85
104.65	0.81
105.49	0.89
105.91	0.66
106.75	0.88
107.45	0.74
107.59	0.84
107.87	0.64
108.43	0.84
108.99	0.7
109.41	0.83
109.97	0.77
110.25	0.81
110.53	0.71
110.81	0.8
111.23	0.71
111.65	0.8
112.21	0.61
113.05	0.78
113.89	0.82
114.89	0.812125984251968
115.16	0.81
116.14	0.75
116.56	0.7
117.26	0.66
117.96	0.74
118.8	0.8
119.78	0.77
120.76	0.58
121.18	0.77
122.02	0.82
123	0.76
123.42	0.62
123.7	0.81
124.12	0.74
124.4	0.81
124.82	0.7
125.24	0.81
125.94	0.7
126.5	0.81
127.34	0.68
127.76	0.78
128.04	0.66
128.18	0.78
128.46	0.69
128.6	0.78
128.88	0.7
129.02	0.77
129.3	0.65
129.44	0.75
130	0.74
130.14	0.64
130.7	0.74
131.26	0.64
131.68	0.74
132.1	0.65
132.52	0.73
132.8	0.64
132.94	0.72
133.22	0.69
133.5	0.71
133.92	0.62
134.06	0.69
134.34	0.65
134.62	0.69
134.9	0.64
135.18	0.68
135.46	0.63
135.74	0.66
136.16	0.58
137	0.67
137.84	0.52
138.82	0.71
139.66	0.62
140.08	0.74
140.36	0.63
140.64	0.75
140.92	0.64
141.2	0.73
141.62	0.63
142.04	0.73
142.6	0.55
142.74	0.71
143.02	0.62
143.58	0.72
144	0.68
144.56	0.74
144.98	0.57
145.4	0.74
145.82	0.67
146.1	0.75
146.38	0.62
146.8	0.71
147.08	0.62
147.5	0.79
148.2	0.68
149.04	0.81
149.88	0.66
150.3	0.8
150.72	0.69
151.42	0.8
151.98	0.68
152.4	0.77
152.82	0.67
152.96	0.76
153.24	0.67
153.38	0.74
153.94	0.71
154.5	0.75
155.06	0.64
155.48	0.72
155.9	0.64
156.18	0.71
156.74	0.56
157.16	0.7
157.72	0.62
157.86	0.68
158.14	0.63
158.42	0.68
158.7	0.61
159.26	0.66
159.68	0.59
159.96	0.64
160.24	0.58
160.52	0.64
160.94	0.61
161.22	0.63
161.5	0.58
161.78	0.62
162.2	0.57
162.48	0.62
162.9	0.56
163.04	0.62
163.18	0.56
163.46	0.62
163.74	0.51
164.02	0.62
164.44	0.52
164.72	0.62
165	0.54
165.28	0.64
165.7	0.54
165.84	0.66
166.12	0.57
166.4	0.68
166.69	0.57
166.97	0.68
167.39	0.55
167.95	0.65
168.51	0.56
168.93	0.66
169.35	0.55
169.63	0.67
170.05	0.58
170.47	0.66
171.03	0.51
171.87	0.63
172.57	0.44
173.55	0.58
174.39	0.4
174.95	0.55
175.51	0.45
176.51	0.5125
176.63	0.52
177.61	0.44
178.31	0.53
179.01	0.46
179.57	0.56
180.13	0.48
180.55	0.56
180.83	0.52
181.25	0.55
181.67	0.46
181.81	0.55
182.09	0.5
182.37	0.53
182.65	0.45
183.35	0.51
184.19	0.44
184.75	0.49
185.45	0.42
185.87	0.48
186.29	0.44
186.43	0.47
186.57	0.44
186.85	0.48
186.99	0.4
187.27	0.47
187.83	0.33
188.11	0.47
188.53	0.39
188.95	0.47
189.51	0.38
190.07	0.45
190.91	0.36
191.75	0.41
192.73	0.33
193.29	0.38
193.85	0.33
194.27	0.38
194.83	0.32
195.67	0.37
196.23	0.29
196.79	0.39
197.63	0.32
197.91	0.41
198.33	0.37
198.61	0.41
198.89	0.37
199.45	0.44
199.87	0.4
200.43	0.47
201.27	0.39
201.83	0.48
202.67	0.51
203.67	0.486190476190477
203.93	0.48
204.91	0.38
205.91	0.491111111111112
206.17	0.52
207.17	0.567619047619047
207.43	0.58
208.43	0.574047619047619
209.11	0.57
210.11	0.498571428571428
210.79	0.45
211.79	0.535714285714285
212.19	0.57
213.19	0.599761904761905
213.87	0.62
214.87	0.60051948051948
215.41	0.59
216.41	0.509642857142858
216.53	0.5
217.37	0.45
218.07	0.54
219.06	0.59
219.9	0.55
220.6	0.35
221.02	0.51
221.86	0.56
222.84	0.53
223.54	0.42
224.52	0.5
225.36	0.53
226.34	0.49
227.04	0.41
227.6	0.48
228.02	0.5
229.02	0.348214285714282
229.14	0.33
229.7	0.47
230.4	0.47
231.4	0.42
231.8	0.4
232.64	0.45
233.62	0.37
234.62	0.396785714285714
234.74	0.4
235.58	0.41
236.58	0.378253968253968
236.84	0.37
237.82	0.26
238.8	0.32
239.64	0.34
240.2	0.28
240.62	0.2
241.62	0.271428571428571
242.02	0.3
243	0.18
243.7	0.28
244.26	0.17
244.96	0.28
245.66	0.16
246.36	0.27
246.78	0.17
247.06	0.22
247.34	0.12
247.9	0.27
248.74	0.2
249.02	0.27
249.44	0.16
250	0.24
250.7	0.19
251.4	0.25
251.82	0.12
252.52	0.22
253.22	0.09
254.2	0.21
255.18	0.11
256.18	0.143088235294118
257.18	0.176176470588236
257.9	0.2
258.9	0.105213270142181
259.9	0.0104265402843614
260.01	0
260.85	0.28
261.69	0.19
262.11	0.31
262.67	0.28
263.67	0.329645390070923
264.08	0.35
265.08	0.278571428571428
265.34	0.26
265.9	0.39
266.32	0.31
266.46	0.4
266.74	0.31
267.02	0.41
267.3	0.32
267.58	0.42
268.14	0.28
269.13	0.44
269.97	0.29
270.53	0.42
270.81	0.39
271.23	0.41
271.51	0.33
272.35	0.45
273.05	0.32
274.05	0.435044247787611
274.18	0.45
275.02	0.28
276.02	0.401428571428568
276.42	0.45
277.42	0.244642857142858
277.54	0.22
278.54	0.336751269035535
279.51	0.45
280.51	0.300649350649353
281.05	0.22
282.05	0.37714285714286
282.45	0.44
283.45	0.347801418439718
283.86	0.31
284.86	0.413174603174604
285.12	0.44
286.12	0.3775
286.24	0.37
286.94	0.44
287.65	0.38
288.35	0.43
289.19	0.27
290.03	0.44
290.59	0.38
291.01	0.44
291.57	0.38
292.13	0.43
292.84	0.34
293.4	0.46
294.1	0.22
294.8	0.49
295.36	0.44
295.78	0.51
296.34	0.46
296.62	0.52
297.04	0.47
297.89	0.55
298.45	0.4
299.43	0.56
300.13	0.28
300.69	0.54
301.25	0.28
302.24	0.52
303.08	0.37
303.78	0.52
304.2	0.31
304.76	0.52
305.18	0.24
305.74	0.5
306.3	0.24
307.15	0.5
307.71	0.26
308.27	0.47
308.69	0.36
309.69	0.431428571428571
309.81	0.44
310.79	0.32
311.35	0.4
311.78	0.3
312.2	0.36
312.76	0.28
313.18	0.34
313.74	0.17
314.58	0.31
315.14	0.24
315.42	0.29
315.7	0.04
316.12	0.29
316.41	0.17
316.83	0.28
317.11	0.14
317.67	0.28
318.67	0.172857142857143
318.79	0.16
319.49	0.3
320.05	0.19
320.47	0.34
321.04	0.22
321.74	0.36
322.58	0.15
322.86	0.4
323.42	0.24
323.98	0.4
324.54	0.24
325.38	0.41
326.09	0.24
326.51	0.43
327.07	0.15
327.91	0.43
328.89	0.16
329.45	0.43
329.87	0.26
330.44	0.44
331.14	0.27
331.56	0.45
332.26	0.28
333.26	0.409870129870128
333.8	0.48
334.8	0.393705583756344
335.77	0.31
336.77	0.446363636363635
337.31	0.52
338.31	0.319999999999997
338.71	0.24
339.71	0.446451612903224
340.26	0.56
341.26	0.493673469387756
342.22	0.43
343.06	0.59
343.76	0.44
344.75	0.61
345.45	0.4
346.45	0.566666666666668
346.71	0.61
347.71	0.562380952380954
347.97	0.55
348.97	0.608064516129034
349.52	0.64
350.5	0.49
351.48	0.64
352.48	0.397142857142853
352.88	0.3
353.88	0.522222222222224
354.14	0.58
355.14	0.622553191489361
355.55	0.64
356.53	0.56
357.53	0.374285714285719
357.93	0.3
358.93	0.506451612903224
359.48	0.62
360.48	0.477142857142858
360.6	0.46
361.6	0.620714285714285
361.72	0.64
362.72	0.568571428571425
362.84	0.56
363.84	0.648495575221235
363.97	0.66
364.97	0.499285714285707
365.09	0.48
365.79	0.7
366.21	0.64
366.63	0.72
367.33	0.51
368.33	0.706428571428571
368.45	0.73
369.45	0.588407079646017
369.58	0.57
370.42	0.74
371.42	0.615
371.54	0.6
372.38	0.76
373.38	0.547401574803147
373.65	0.49
374.35	0.77
374.77	0.71
375.19	0.78
375.75	0.64
376.31	0.8
377.15	0.65
377.71	0.82
378.56	0.74
379.4	0.84
380.38	0.76
381.08	0.86
381.64	0.79
382.48	0.86
383.47	0.69
384.45	0.86
385.01	0.8
385.29	0.86
385.57	0.79
385.85	0.86
385.99	0.79
386.41	0.86
387.25	0.77
387.54	0.85
387.96	0.78
388.8	0.84
389.5	0.7
390.2	0.83
390.62	0.73
390.9	0.83
391.18	0.75
391.46	0.82
391.74	0.74
392.02	0.8
392.31	0.73
392.59	0.8
392.87	0.72
393.57	0.79
394.41	0.62
394.97	0.78
395.39	0.71
396.23	0.75
397.22	0.63
398.2	0.73
399.04	0.52
400.02	0.71
