age	selenium
0	0.61
1	0.607169811320755
2	0.604339622641509
3	0.601509433962264
4	0.598679245283019
5	0.595849056603774
6	0.593018867924528
7	0.590188679245283
8	0.587358490566038
9	0.584528301886792
10	0.581698113207547
11	0.578867924528302
12	0.576037735849057
13	0.573207547169811
14	0.570377358490566
15	0.567547169811321
16	0.564716981132075
17	0.56188679245283
18	0.559056603773585
19	0.55622641509434
20	0.553396226415094
21	0.550566037735849
22	0.547735849056604
23	0.544905660377359
24	0.542075471698113
25	0.539245283018868
26	0.536415094339623
27	0.533584905660377
28	0.530754716981132
29	0.527924528301887
30	0.525094339622642
31	0.522264150943396
32	0.519433962264151
33	0.516603773584906
34	0.51377358490566
35	0.510943396226415
36	0.50811320754717
37	0.505283018867924
38	0.502452830188679
39	0.499622641509434
40	0.496792452830189
41	0.493962264150943
42	0.491132075471698
43	0.488301886792453
44	0.485471698113208
45	0.482641509433962
46	0.479811320754717
47	0.476981132075472
48	0.474150943396226
49	0.471320754716981
50	0.468490566037736
51	0.465660377358491
52	0.462830188679245
53	0.46
54	0.473333333333333
55	0.486666666666667
56	0.5
57	0.486666666666667
58	0.473333333333333
59	0.46
60	0.446666666666667
61	0.433333333333333
62	0.42
63	0.406666666666667
64	0.393333333333333
65	0.38
66	0.366666666666667
67	0.353333333333333
68	0.34
69	0.326666666666667
70	0.313333333333333
71	0.3
72	0.286666666666667
73	0.273333333333333
74	0.26
75	0.246666666666667
76	0.233333333333333
77	0.22
78	0.206666666666667
79	0.193333333333333
80	0.18
81	0.166666666666667
82	0.153333333333333
83	0.14
84	0.155
85	0.17
86	0.185
87	0.2
88	0.215
89	0.23
90	0.245
91	0.26
92	0.11
93	0.118181818181818
94	0.126363636363636
95	0.134545454545455
96	0.142727272727273
97	0.150909090909091
98	0.159090909090909
99	0.167272727272727
100	0.175454545454545
101	0.183636363636364
102	0.191818181818182
103	0.2
104	0.208181818181818
105	0.216363636363636
106	0.224545454545455
107	0.232727272727273
108	0.240909090909091
109	0.249090909090909
110	0.257272727272727
111	0.265454545454545
112	0.273636363636364
113	0.281818181818182
114	0.29
115	0.298181818181818
116	0.306363636363636
117	0.314545454545455
118	0.322727272727273
119	0.330909090909091
120	0.339090909090909
121	0.347272727272727
122	0.355454545454546
123	0.363636363636364
124	0.371818181818182
125	0.38
126	0.333333333333333
127	0.286666666666667
128	0.24
129	0.193333333333333
130	0.146666666666667
131	0.1
132	0.107272727272727
133	0.114545454545455
134	0.121818181818182
135	0.129090909090909
136	0.136363636363636
137	0.143636363636364
138	0.150909090909091
139	0.158181818181818
140	0.165454545454545
141	0.172727272727273
142	0.18
143	0.17
144	0.16
145	0.15
146	0.145416666666667
147	0.140833333333333
148	0.13625
149	0.131666666666667
150	0.127083333333333
151	0.1225
152	0.117916666666667
153	0.113333333333333
154	0.10875
155	0.104166666666667
156	0.0995833333333333
157	0.095
158	0.0904166666666667
159	0.0858333333333333
160	0.08125
161	0.0766666666666667
162	0.0720833333333333
163	0.0675
164	0.0629166666666667
165	0.0583333333333333
166	0.05375
167	0.0491666666666667
168	0.0445833333333333
169	0.04
170	0.0609090909090909
171	0.0818181818181818
172	0.102727272727273
173	0.123636363636364
174	0.144545454545455
175	0.165454545454545
176	0.186363636363636
177	0.207272727272727
178	0.228181818181818
179	0.249090909090909
180	0.27
181	0.243
182	0.216
183	0.189
184	0.162
185	0.135
186	0.108
187	0.081
188	0.054
189	0.027
190	0
191	0.00166666666666667
192	0.00333333333333333
193	0.005
194	0.00666666666666667
195	0.00833333333333333
196	0.01
197	0.0116666666666667
198	0.0133333333333333
199	0.015
200	0.0166666666666667
201	0.0183333333333333
202	0.02
203	0.183333333333333
204	0.346666666666667
205	0.51
206	0.4976
207	0.4852
208	0.4728
209	0.4604
210	0.448
211	0.4356
212	0.4232
213	0.4108
214	0.3984
215	0.386
216	0.3736
217	0.3612
218	0.3488
219	0.3364
220	0.324
221	0.3116
222	0.2992
223	0.2868
224	0.2744
225	0.262
226	0.2496
227	0.2372
228	0.2248
229	0.2124
230	0.2
231	0.26
232	0.32
233	0.38
234	0.44
235	0.5
236	0.482
237	0.464
238	0.446
239	0.428
240	0.41
241	0.392
242	0.374
243	0.356
244	0.338
245	0.32
246	0.302
247	0.284
248	0.266
249	0.248
250	0.23
251	0.26
252	0.315
253	0.37
254	0.398421052631579
255	0.426842105263158
256	0.455263157894737
257	0.483684210526316
258	0.512105263157895
259	0.540526315789474
260	0.568947368421053
261	0.597368421052632
262	0.625789473684211
263	0.654210526315789
264	0.682631578947368
265	0.711052631578947
266	0.739473684210526
267	0.767894736842105
268	0.796315789473684
269	0.824736842105263
270	0.853157894736842
271	0.881578947368421
272	0.91
273	0.866153846153846
274	0.822307692307692
275	0.778461538461539
276	0.734615384615385
277	0.690769230769231
278	0.646923076923077
279	0.603076923076923
280	0.559230769230769
281	0.515384615384615
282	0.471538461538461
283	0.427692307692308
284	0.383846153846154
285	0.34
286	0.34
287	0.34
288	0.34
289	0.34
290	0.34
291	0.34
292	0.34
293	0.34
294	0.34
295	0.34
296	0.34
297	0.34
298	0.38875
299	0.4375
300	0.48625
301	0.535
302	0.58375
303	0.6325
304	0.68125
305	0.73
306	0.768
307	0.806
308	0.844
309	0.882
310	0.92
311	0.924444444444445
312	0.928888888888889
313	0.933333333333333
314	0.937777777777778
315	0.942222222222222
316	0.946666666666667
317	0.951111111111111
318	0.955555555555556
319	0.96
320	0.964444444444444
321	0.968888888888889
322	0.973333333333333
323	0.977777777777778
324	0.982222222222222
325	0.986666666666667
326	0.991111111111111
327	0.995555555555556
328	1
329	0.78
330	0.56
331	0.34
332	0.26
333	0.68
334	0.582
335	0.484
336	0.386
337	0.288
338	0.19
339	0.2
340	0.25
341	0.238888888888889
342	0.227777777777778
343	0.216666666666667
344	0.205555555555556
345	0.194444444444444
346	0.183333333333333
347	0.172222222222222
348	0.161111111111111
349	0.15
350	0.37
351	0.35
352	0.33
353	0.383333333333333
354	0.436666666666667
355	0.49
356	0.17
357	0.13
358	0.14
359	0.15
360	0.16
361	0.17
362	0.18
363	0.19
364	0.2
365	0.21
366	0.27
367	0.02
368	0.23
369	0.175
370	0.12
371	0.166
372	0.212
373	0.258
374	0.304
375	0.35
376	0.35
377	0.48
378	0.36
379	0.37
380	0.38
381	0.34
382	0.64
383	0.28
384	0.54
385	0.58
386	0.46
387	0.64
388	0.54
389	0.735
390	0.93
391	0.673333333333333
392	0.416666666666667
393	0.16
394	0.44
395	0.72
396	0.706
397	0.692
398	0.678
399	0.664
400	0.65
401	0.623
402	0.596
403	0.569
404	0.542
405	0.515
406	0.488
407	0.461
408	0.434
409	0.407
410	0.38
411	0.42
412	0.46
413	0.5
414	0.54
415	0.58
416	0.56
417	0.405
418	0.25
419	0.42
420	0.59
421	0.585833333333333
422	0.581666666666667
423	0.5775
424	0.573333333333333
425	0.569166666666667
426	0.565
427	0.560833333333333
428	0.556666666666667
429	0.5525
430	0.548333333333333
431	0.544166666666667
432	0.54
433	0.535833333333333
434	0.531666666666667
435	0.5275
436	0.523333333333333
437	0.519166666666667
438	0.515
439	0.510833333333333
440	0.506666666666667
441	0.5025
442	0.498333333333333
443	0.494166666666667
444	0.49
445	0.425
446	0.36
447	0.295
448	0.23
449	0.165
450	0.1
