age	sporeplants
0	0
1	0.002
2	0.004
3	0.006
4	0.008
5	0.01
6	0.012
7	0.014
8	0.016
9	0.018
10	0.02
11	0.022
12	0.024
13	0.026
14	0.028
15	0.03
16	0.0309090909090909
17	0.0318181818181818
18	0.0327272727272727
19	0.0336363636363636
20	0.0345454545454545
21	0.0354545454545455
22	0.0363636363636364
23	0.0372727272727273
24	0.0381818181818182
25	0.0390909090909091
26	0.04
27	0.0409090909090909
28	0.0418181818181818
29	0.0427272727272727
30	0.0436363636363636
31	0.0445454545454545
32	0.0454545454545455
33	0.0463636363636364
34	0.0472727272727273
35	0.0481818181818182
36	0.0490909090909091
37	0.05
38	0.0509090909090909
39	0.0518181818181818
40	0.0527272727272727
41	0.0536363636363636
42	0.0545454545454545
43	0.0554545454545455
44	0.0563636363636364
45	0.0572727272727273
46	0.0581818181818182
47	0.0590909090909091
48	0.06
49	0.0602666666666667
50	0.0605333333333333
51	0.0608
52	0.0610666666666667
53	0.0613333333333333
54	0.0616
55	0.0618666666666667
56	0.0621333333333333
57	0.0624
58	0.0626666666666667
59	0.0629333333333333
60	0.0632
61	0.0634666666666667
62	0.0637333333333333
63	0.064
64	0.0642666666666667
65	0.0645333333333333
66	0.0648
67	0.0650666666666667
68	0.0653333333333333
69	0.0656
70	0.0658666666666667
71	0.0661333333333333
72	0.0664
73	0.0666666666666667
74	0.0669333333333333
75	0.0672
76	0.0674666666666667
77	0.0677333333333333
78	0.068
79	0.0682666666666667
80	0.0685333333333333
81	0.0688
82	0.0690666666666667
83	0.0693333333333333
84	0.0696
85	0.0698666666666667
86	0.0701333333333333
87	0.0704
88	0.0706666666666667
89	0.0709333333333333
90	0.0712
91	0.0714666666666667
92	0.0717333333333333
93	0.072
94	0.0722666666666667
95	0.0725333333333333
96	0.0728
97	0.0730666666666667
98	0.0733333333333333
99	0.0736
100	0.0738666666666667
101	0.0741333333333333
102	0.0744
103	0.0746666666666667
104	0.0749333333333333
105	0.0752
106	0.0754666666666667
107	0.0757333333333333
108	0.076
109	0.0762666666666667
110	0.0765333333333333
111	0.0768
112	0.0770666666666667
113	0.0773333333333333
114	0.0776
115	0.0778666666666667
116	0.0781333333333333
117	0.0784
118	0.0786666666666667
119	0.0789333333333333
120	0.0792
121	0.0794666666666667
122	0.0797333333333333
123	0.08
124	0.08
125	0.08
126	0.08
127	0.08
128	0.08
129	0.08
130	0.08
131	0.08
132	0.08
133	0.0775
134	0.075
135	0.0725
136	0.07
137	0.0675
138	0.065
139	0.0625
140	0.06
141	0.06
142	0.06
143	0.06
144	0.06
145	0.06
146	0.06
147	0.06
148	0.06
149	0.06
150	0.06
151	0.06
152	0.06
153	0.06
154	0.06
155	0.06
156	0.06
157	0.06
158	0.06
159	0.06
160	0.06
161	0.06
162	0.06
163	0.06
164	0.06
165	0.06
166	0.06
167	0.06
168	0.06
169	0.06
170	0.06
171	0.06
172	0.06
173	0.06
174	0.06
175	0.06
176	0.06
177	0.06
178	0.06
179	0.06
180	0.06
181	0.06
182	0.06
183	0.06
184	0.06
185	0.06
186	0.06
187	0.06
188	0.06
189	0.06
190	0.06
191	0.06
192	0.06
193	0.06
194	0.06
195	0.06
196	0.06
197	0.06
198	0.06
199	0.06
200	0.06
201	0.06
202	0.0616666666666667
203	0.0633333333333333
204	0.065
205	0.0666666666666667
206	0.0683333333333333
207	0.07
208	0.0716666666666667
209	0.0733333333333333
210	0.075
211	0.0766666666666667
212	0.0783333333333333
213	0.08
214	0.11
215	0.1175
216	0.125
217	0.1325
218	0.14
219	0.17
220	0.17
221	0.17
222	0.17
223	0.17
224	0.171666666666667
225	0.173333333333333
226	0.175
227	0.176666666666667
228	0.178333333333333
229	0.18
230	0.181666666666667
231	0.183333333333333
232	0.185
233	0.186666666666667
234	0.188333333333333
235	0.19
236	0.19
237	0.19
238	0.19
239	0.185
240	0.18
241	0.175
242	0.17
243	0.17
244	0.17
245	0.17
246	0.17
247	0.17
248	0.19
249	0.186
250	0.182
251	0.178
252	0.174
253	0.17
254	0.17
255	0.17
256	0.17
257	0.17
258	0.17
259	0.17
260	0.17
261	0.17
262	0.17
263	0.17
264	0.176666666666667
265	0.183333333333333
266	0.19
267	0.193333333333333
268	0.196666666666667
269	0.2
270	0.203333333333333
271	0.206666666666667
272	0.21
273	0.213333333333333
274	0.216666666666667
275	0.22
276	0.226
277	0.232
278	0.238
279	0.244
280	0.25
281	0.2525
282	0.255
283	0.2575
284	0.26
285	0.2625
286	0.265
287	0.2675
288	0.27
289	0.2725
290	0.275
291	0.2775
292	0.28
293	0.284285714285714
294	0.288571428571429
295	0.292857142857143
296	0.297142857142857
297	0.301428571428571
298	0.305714285714286
299	0.31
300	0.315
301	0.32
302	0.325
303	0.33
304	0.39
305	0.44
306	0.47
307	0.488
308	0.506
309	0.524
310	0.542
311	0.56
312	0.6
313	0.64
314	0.64
315	0.64
316	0.64
317	0.64
318	0.64
319	0.64
320	0.58
321	0.595
322	0.61
323	0.67
324	0.69
325	0.72
326	0.75
327	0.75
328	0.75
329	0.78
330	0.79
331	0.8
332	0.81
333	0.81
334	0.81
335	0.81
336	0.81
337	0.81
338	0.81
339	0.82
340	0.83
341	0.86
342	0.89
343	0.88
344	0.87
345	0.86
346	0.85
347	0.84
348	0.83
349	0.83
350	0.83
351	0.813333333333333
352	0.796666666666667
353	0.78
354	0.72
355	0.68
356	0.64
357	0.64
358	0.64
359	0.64
360	0.56
361	0.53
362	0.58
363	0.58
364	0.61
365	0.61
366	0.61
367	0.61
368	0.67
369	0.68
370	0.69
371	0.81
372	0.81
373	0.83
374	0.86
375	0.78
376	0.75
377	0.72
378	0.64
379	0.58
380	0.58
381	0.595
382	0.61
383	0.89
384	0.92
385	0.94
386	0.94
387	0.92
388	0.86
388	0.86
389	0.83
390	0.89
390	0.86
391	0.78
392	0.78
393	0.83
394	0.92
395	0.89
396	0.92
397	0.94
398	0.955
399	0.97
400	1
