age	temperature
0	0.12
0.01	0.12
0.02	0.04
0.1	0.04
0.14	0.12
0.2	0.04
0.24	0.12
0.3	0.04
0.34	0.12
0.4	0.04
0.44	0.12
0.5	0.04
0.54	0.12
0.6	0.04
0.64	0.12
0.7	0.04
0.74	0.12
0.8	0.04
0.84	0.12
0.9	0.04
0.94	0.12
1	0.12
2	0.12
3	0.143529411764706
3.7	0.16
4.7	0.176176470588235
5.7	0.192352941176471
6.7	0.208529411764706
7.7	0.224705882352941
8.7	0.240882352941176
9.7	0.257058823529412
10.5	0.27
11.5	0.279090909090909
12.5	0.288181818181818
13.5	0.297272727272727
14.5	0.306363636363636
14.9	0.31
15.9	0.294782608695652
16.9	0.279565217391304
17.9	0.264347826086957
18.9	0.249130434782609
19.5	0.24
20.5	0.244838709677419
21.5	0.249677419354839
22.5	0.254516129032258
23.5	0.259354838709677
24.5	0.264193548387097
25.5	0.269032258064516
25.7	0.27
26.7	0.273703703703704
27.7	0.277407407407407
28.7	0.281111111111111
29.7	0.284814814814815
30.7	0.288518518518519
31.1	0.29
32.1	0.318571428571429
33.1	0.347142857142857
33.9	0.37
34.9	0.387647058823529
35.6	0.4
36.6	0.4265625
37.6	0.453125
38.6	0.4796875
39.6	0.50625
40.6	0.5328125
41.6	0.559375
42	0.57
43	0.65
44	0.6
45	0.605
46	0.61
47	0.615
48	0.62
49	0.639047619047619
50	0.658095238095238
51	0.677142857142857
52	0.696190476190476
52.2	0.7
53.2	0.702857142857143
54.2	0.705714285714286
55.2	0.708571428571429
55.7	0.71
55.8	0.85
55.9	0.63
56.9	0.63
57.9	0.63
58.9	0.63
59.9	0.63
60.6	0.63
61.6	0.632044989775051
62.6	0.634089979550102
63.6	0.636134969325153
64.6	0.638179959100205
65.49	0.64
65.5	0
65.51	0.64
66.51	0.644016064257028
67.51	0.648032128514056
68	0.65
69	0.660569105691057
70	0.671138211382114
71	0.681707317073171
72	0.692276422764228
73	0.702845528455285
74	0.713414634146342
75	0.723983739837398
76	0.734552845528455
77	0.745121951219512
78	0.755691056910569
79	0.766260162601626
80	0.776829268292683
80.3	0.78
81.3	0.778148148148148
82.3	0.776296296296296
83.3	0.774444444444444
84.3	0.772592592592593
85.3	0.770740740740741
86.3	0.768888888888889
87.3	0.767037037037037
88.3	0.765185185185185
89.3	0.763333333333333
90.3	0.761481481481482
91.1	0.76
92.1	0.76
93.1	0.76
94.1	0.76
95.1	0.76
96.1	0.76
97.1	0.76
98.1	0.76
99.1	0.76
100.1	0.76
101.1	0.76
102	0.76
103	0.753434343434343
104	0.746868686868687
105	0.74030303030303
106	0.733737373737374
107	0.727171717171717
108	0.720606060606061
109	0.714040404040404
110	0.707474747474747
111	0.700909090909091
112	0.694343434343434
113	0.687777777777778
114	0.681212121212121
115	0.674646464646465
116	0.668080808080808
117	0.661515151515152
118	0.654949494949495
119	0.648383838383838
120	0.641818181818182
121	0.635252525252525
121.8	0.63
122.8	0.624339622641509
123.8	0.618679245283019
124.8	0.613018867924528
125.8	0.607358490566038
126.8	0.601698113207547
127.8	0.596037735849057
128.8	0.590377358490566
129.8	0.584716981132075
130.8	0.579056603773585
131.8	0.573396226415094
132.8	0.567735849056604
133.8	0.562075471698113
134.8	0.556415094339623
135.8	0.550754716981132
136.8	0.545094339622641
137.8	0.539433962264151
138.8	0.53377358490566
139.8	0.52811320754717
140.8	0.522452830188679
141.8	0.516792452830189
142.8	0.511132075471698
143	0.51
144	0.507058823529412
145	0.504117647058824
146	0.501176470588235
147	0.498235294117647
148	0.495294117647059
149	0.492352941176471
150	0.489411764705882
151	0.486470588235294
152	0.483529411764706
153	0.480588235294118
153.2	0.48
154.2	0.478850574712644
155.2	0.477701149425287
156.2	0.476551724137931
157.2	0.475402298850575
158.2	0.474252873563218
159.2	0.473103448275862
160.2	0.471954022988506
161.2	0.470804597701149
162.2	0.469655172413793
163.2	0.468505747126437
164.2	0.46735632183908
165.2	0.466206896551724
166.2	0.465057471264368
167.2	0.463908045977012
168.2	0.462758620689655
169.2	0.461609195402299
170.2	0.460459770114943
171.2	0.459310344827586
172.2	0.45816091954023
173.2	0.457011494252874
174.2	0.455862068965517
175.2	0.454712643678161
176.2	0.453563218390805
177.2	0.452413793103448
178.2	0.451264367816092
179.2	0.450114942528736
179.3	0.45
180.3	0.459446254071661
181.3	0.468892508143323
182.3	0.478338762214984
183.3	0.487785016286645
184.3	0.497231270358306
185.3	0.506677524429967
186.3	0.516123778501629
187.3	0.52557003257329
188.3	0.535016286644951
189.3	0.544462540716612
190.3	0.553908794788274
191.3	0.563355048859935
192.3	0.572801302931596
193.3	0.582247557003257
194.3	0.591693811074919
195.3	0.60114006514658
196.3	0.610586319218241
197.3	0.620032573289902
198.3	0.629478827361564
199.3	0.638925081433225
200.3	0.648371335504886
201.3	0.657817589576547
202.3	0.667263843648209
203.3	0.67671009771987
204.3	0.686156351791531
205.3	0.695602605863192
206.3	0.705048859934853
207.3	0.714495114006515
208.3	0.723941368078176
209.3	0.733387622149837
210	0.74
211	0.743493449781659
212	0.746986899563319
213	0.750480349344978
214	0.753973799126638
215	0.757467248908297
216	0.760960698689956
217	0.764454148471616
218	0.767947598253275
219	0.771441048034935
220	0.774934497816594
221	0.778427947598253
222	0.781921397379913
223	0.785414847161572
224	0.788908296943231
225	0.792401746724891
226	0.79589519650655
227	0.79938864628821
228	0.802882096069869
229	0.806375545851528
230	0.809868995633188
231	0.813362445414847
232	0.816855895196506
232.9	0.82
233.9	0.821923076923077
234.9	0.823846153846154
235.9	0.825769230769231
236.9	0.827692307692308
237.9	0.829615384615385
238.9	0.831538461538462
239.9	0.833461538461538
240.9	0.835384615384615
241.9	0.837307692307692
242.9	0.839230769230769
243.9	0.841153846153846
244.9	0.843076923076923
245.9	0.845
246.9	0.846923076923077
247.9	0.848846153846154
248.5	0.85
249.5	0.85
250	0.85
251	1
251.5	1
252.5	0.933333333333333
253.5	0.866666666666666
254.5	0.799999999999999
255.5	0.733333333333333
255.7	0.72
256.7	0.705135135135135
257.7	0.69027027027027
258.7	0.675405405405406
259.7	0.660540540540541
260.7	0.645675675675676
261.7	0.630810810810811
262.7	0.615945945945946
263.1	0.61
264.1	0.589545454545454
265.1	0.569090909090909
266.1	0.548636363636364
267.1	0.528181818181818
268.1	0.507727272727273
269.1	0.487272727272727
270.1	0.466818181818182
271.1	0.446363636363636
272.1	0.425909090909091
273.1	0.405454545454545
274.1	0.385
275.1	0.364545454545454
276.1	0.344090909090909
277.1	0.323636363636363
278.1	0.303181818181818
279.1	0.282727272727272
280.1	0.262272727272727
281.1	0.241818181818181
282.1	0.221363636363636
283.1	0.200909090909091
284.1	0.180454545454545
285.1	0.16
286.1	0.139545454545454
287.1	0.119090909090909
288.1	0.0986363636363632
289.1	0.0781818181818177
289.5	0.07
290.5	0.0845299145299146
291.5	0.0990598290598291
292.5	0.113589743589744
293.5	0.128119658119658
294.5	0.142649572649573
295.5	0.157179487179487
296.5	0.171709401709402
297.5	0.186239316239316
298.5	0.200769230769231
299.5	0.215299145299145
300.5	0.22982905982906
301.2	0.24
302.2	0.220722891566265
303.2	0.20144578313253
304.2	0.182168674698795
305.2	0.16289156626506
306.2	0.143614457831325
307.2	0.124337349397591
308.2	0.105060240963856
309.2	0.0857831325301207
309.5	0.08
310.5	0.0997080291970803
311.5	0.119416058394161
312.5	0.139124087591241
313.5	0.158832116788321
314.5	0.178540145985402
315.5	0.198248175182482
316.5	0.217956204379562
317.5	0.237664233576642
318.5	0.257372262773723
319.5	0.277080291970803
320.5	0.296788321167883
321.5	0.316496350364964
322.5	0.336204379562044
323.2	0.35
324.2	0.358379888268156
325.2	0.366759776536313
326.2	0.375139664804469
327.2	0.383519553072626
328.2	0.391899441340782
329.2	0.400279329608938
330.2	0.408659217877095
331.2	0.417039106145251
332.2	0.425418994413408
333.2	0.433798882681564
334.2	0.44217877094972
335.2	0.450558659217877
336.2	0.458938547486033
337.2	0.46731843575419
338.2	0.475698324022346
339.2	0.484078212290503
340.2	0.492458100558659
341.1	0.5
342.1	0.496428571428571
343.1	0.492857142857143
344.1	0.489285714285714
345.1	0.485714285714286
346.1	0.482142857142857
347.1	0.478571428571429
348.1	0.475
349.1	0.471428571428571
350.1	0.467857142857143
351.1	0.464285714285714
352.1	0.460714285714286
352.3	0.46
353.3	0.471111111111111
354.3	0.482222222222222
355.3	0.493333333333333
356.3	0.504444444444444
357.3	0.515555555555556
358.3	0.526666666666667
359.3	0.537777777777778
360.3	0.548888888888889
361.3	0.56
362.3	0.571111111111111
363.3	0.582222222222222
364.3	0.593333333333333
365.3	0.604444444444444
366.3	0.615555555555556
367.3	0.626666666666667
368.3	0.637777777777778
369.3	0.648888888888889
370.3	0.66
371.3	0.67875
372.3	0.6975
373.3	0.71625
374.3	0.735
375.3	0.75375
376.3	0.7725
377.3	0.79125
378.3	0.81
379.3	0.828750000000001
379.9	0.84
380.9	0.843614457831325
381.9	0.847228915662651
382.9	0.850843373493976
383.9	0.854457831325301
384.9	0.858072289156626
385.9	0.861686746987952
386.9	0.865301204819277
387.9	0.868915662650602
388.2	0.87
389.2	0.848688524590164
390.2	0.827377049180328
391.2	0.806065573770492
392.2	0.784754098360656
393.2	0.76344262295082
394.2	0.742131147540984
394.3	0.74
395.3	0.735
396.3	0.73
397.3	0.725
398.3	0.72
399.3	0.715
400.3	0.71
401.3	0.705
402.3	0.7
403.3	0.694186046511628
404.3	0.688372093023256
405.3	0.682558139534884
406.3	0.676744186046512
407.3	0.670930232558139
408.3	0.665116279069767
409.3	0.659302325581395
410.3	0.653488372093023
411.3	0.647674418604651
412.3	0.641860465116279
413.3	0.636046511627907
414.3	0.630232558139535
415.3	0.624418604651163
416.3	0.618604651162791
417.3	0.612790697674419
418.3	0.606976744186046
419.3	0.601162790697674
419.5	0.6
420.5	0.597619047619048
421.5	0.595238095238095
422.5	0.592857142857143
423.5	0.59047619047619
424.5	0.588095238095238
425.5	0.585714285714286
426.5	0.583333333333333
427.5	0.580952380952381
428.5	0.578571428571429
429.5	0.576190476190476
430.5	0.573809523809524
431.5	0.571428571428571
432.1	0.57
433.1	0.550263157894737
434.1	0.530526315789474
435.1	0.51078947368421
436.1	0.491052631578947
437.1	0.471315789473684
438.1	0.451578947368421
439.1	0.431842105263157
439.7	0.42
440.7	0.37
441.7	0.32
442.7	0.27
443.7	0.22
444.7	0.17
445.7	0.22
446.7	0.27
447.7	0.32
448.7	0.37
449.7	0.42
450.7	0.44972972972973
451.7	0.479459459459459
452.7	0.509189189189189
453.7	0.538918918918919
454.7	0.568648648648649
455.7	0.598378378378378
456.7	0.628108108108108
457.7	0.657837837837838
458.7	0.687567567567567
459.7	0.717297297297297
460.7	0.747027027027027
461.7	0.776756756756756
462.7	0.806486486486486
463.7	0.836216216216216
464.5	0.86
465.5	0.86258064516129
466.5	0.865161290322581
467.5	0.867741935483871
468.5	0.870322580645161
469.5	0.872903225806452
470.5	0.875483870967742
471.5	0.878064516129032
472.5	0.880645161290323
473.5	0.883225806451613
474.5	0.885806451612903
475.5	0.888387096774194
476.5	0.890967741935484
477.5	0.893548387096774
478.5	0.896129032258065
479.5	0.898709677419355
480	0.9
481	0.898571428571429
482	0.897142857142857
483	0.895714285714286
484	0.894285714285714
485	0.892857142857143
486	0.891428571428571
487	0.89
488	0.888571428571429
489	0.887142857142857
490	0.885714285714286
491	0.884285714285714
492	0.882857142857143
493	0.881428571428571
494	0.88
495	0.88
496	0.88
497	0.88
498	0.88
499	0.88
500	0.88
501	0.88
502	0.88
503	0.88
504	0.88
505	0.88
506	0.88
507	0.88
508	0.88
509	0.88
510	0.88
511	0.88
512	0.88
513	0.88
514	0.88
515	0.88
516	0.88
517	0.88
518	0.88
519	0.88
520	0.88
521	0.88
522	0.88
523	0.88
524	0.88
525	0.88
526	0.88
527	0.88
528	0.88
529	0.88
530	0.88
531	0.88
532	0.88
533	0.88
534	0.88
535	0.88
536	0.88
537	0.88
538	0.88
539	0.88
540	0.88
541	0.88
542	0.88
