age	temperate
0	0
1	0.0065
2	0.013
3	0.0195
4	0.026
5	0.0325
6	0.039
7	0.0455
8	0.052
9	0.0585
10	0.065
11	0.0715
12	0.078
13	0.0845
14	0.091
15	0.0975
16	0.104
17	0.1105
18	0.117
19	0.1235
20	0.13
21	0.143
22	0.156
23	0.169
24	0.182
25	0.195
26	0.208
27	0.221
28	0.234
29	0.247
30	0.26
31	0.292
32	0.324
33	0.356
34	0.388
35	0.42
36	0.452
37	0.484
38	0.516
39	0.548
40	0.58
41	0.588
42	0.596
43	0.604
44	0.612
45	0.62
46	0.628
47	0.636
48	0.644
49	0.652
50	0.66
51	0.671
52	0.682
53	0.693
54	0.704
55	0.715
56	0.726
57	0.737
58	0.748
59	0.759
60	0.77
61	0.765
62	0.76
63	0.755
64	0.75
65	0.745
66	0.74
67	0.735
68	0.73
69	0.725
70	0.72
71	0.715
72	0.71
73	0.705
74	0.7
75	0.695
76	0.69
77	0.685
78	0.68
79	0.675
80	0.67
81	0.6865
82	0.703
83	0.7195
84	0.736
85	0.7525
86	0.769
87	0.7855
88	0.802
89	0.8185
90	0.835
91	0.8515
92	0.868
93	0.8845
94	0.901
95	0.9175
96	0.934
97	0.9505
98	0.967
99	0.9835
100	1
101	0.989
102	0.978
103	0.967
104	0.956
105	0.945
106	0.934
107	0.923
108	0.912
109	0.901
110	0.89
111	0.879
112	0.868
113	0.857
114	0.846
115	0.835
116	0.824
117	0.813
118	0.802
119	0.791
120	0.78
121	0.77075
122	0.7615
123	0.75225
124	0.743
125	0.73375
126	0.7245
127	0.71525
128	0.706
129	0.69675
130	0.6875
131	0.67825
132	0.669
133	0.65975
134	0.6505
135	0.64125
136	0.632
137	0.62275
138	0.6135
139	0.60425
140	0.595
141	0.58575
142	0.5765
143	0.56725
144	0.558
145	0.54875
146	0.5395
147	0.53025
148	0.521
149	0.51175
150	0.5025
151	0.49325
152	0.484
153	0.47475
154	0.4655
155	0.45625
156	0.447
157	0.43775
158	0.4285
159	0.41925
160	0.41
161	0.408
162	0.406
163	0.404
164	0.402
165	0.4
166	0.398
167	0.396
168	0.394
169	0.392
170	0.39
171	0.388
172	0.386
173	0.384
174	0.382
175	0.38
176	0.378
177	0.376
178	0.374
179	0.372
180	0.37
181	0.374
182	0.378
183	0.382
184	0.386
185	0.39
186	0.394
187	0.398
188	0.402
189	0.406
190	0.41
191	0.414
192	0.418
193	0.422
194	0.426
195	0.43
196	0.434
197	0.438
198	0.442
199	0.446
200	0.45
201	0.454
202	0.458
203	0.462
204	0.466
205	0.47
206	0.474
207	0.478
208	0.482
209	0.486
210	0.49
211	0.528
212	0.566
213	0.604
214	0.642
215	0.68
216	0.718
217	0.756
218	0.794
219	0.832
220	0.87
221	0.87
222	0.87
223	0.87
224	0.87
225	0.87
226	0.87
227	0.87
228	0.87
229	0.87
230	0.87
231	0.87
232	0.87
233	0.87
234	0.87
235	0.87
236	0.87
237	0.87
238	0.87
239	0.87
240	0.87
241	0.838
242	0.806
243	0.774
244	0.742
245	0.71
246	0.678
247	0.646
248	0.614
249	0.582
250	0.55
251	0.518
252	0.486
253	0.454
254	0.422
255	0.39
256	0.358
257	0.326
258	0.294
259	0.262
260	0.23
261	0.22
262	0.21
263	0.2
264	0.19
265	0.18
266	0.17
267	0.16
268	0.15
269	0.14
270	0.13
271	0.12
272	0.11
273	0.1
274	0.09
275	0.08
276	0.07
277	0.06
278	0.05
279	0.04
280	0.03
281	0.032
282	0.034
283	0.036
284	0.038
285	0.04
286	0.042
287	0.044
288	0.046
289	0.048
290	0.05
291	0.052
292	0.054
293	0.056
294	0.058
295	0.06
296	0.062
297	0.064
298	0.066
299	0.068
300	0.07
301	0.0745
302	0.079
303	0.0835
304	0.088
305	0.0925
306	0.097
307	0.1015
308	0.106
309	0.1105
310	0.115
311	0.1195
312	0.124
313	0.1285
314	0.133
315	0.1375
316	0.142
317	0.1465
318	0.151
319	0.1555
320	0.16
321	0.166
322	0.172
323	0.178
324	0.184
325	0.19
326	0.196
327	0.202
328	0.208
329	0.214
330	0.22
331	0.226
332	0.232
333	0.238
334	0.244
335	0.25
336	0.256
337	0.262
338	0.268
339	0.274
340	0.28
341	0.269
342	0.258
343	0.247
344	0.236
345	0.225
346	0.214
347	0.203
348	0.192
349	0.181
350	0.17
351	0.159
352	0.148
353	0.137
354	0.126
355	0.115
356	0.104
357	0.093
358	0.082
359	0.071
360	0.06
361	0.0665
362	0.073
363	0.0795
364	0.086
365	0.0925
366	0.099
367	0.1055
368	0.112
369	0.1185
370	0.125
371	0.1315
372	0.138
373	0.1445
374	0.151
375	0.1575
376	0.164
377	0.1705
378	0.177
379	0.1835
380	0.19
381	0.1835
382	0.177
383	0.1705
384	0.164
385	0.1575
386	0.151
387	0.1445
388	0.138
389	0.1315
390	0.125
391	0.1185
392	0.112
393	0.1055
394	0.099
395	0.0925
396	0.086
397	0.0795
398	0.073
399	0.0665
400	0.06
