age	tropical
0	0.27
1	0.279
2	0.288
3	0.297
4	0.306
5	0.315
6	0.324
7	0.333
8	0.342
9	0.351
10	0.36
11	0.369
12	0.378
13	0.387
14	0.396
15	0.405
16	0.414
17	0.423
18	0.432
19	0.441
20	0.45
21	0.492
22	0.534
23	0.576
24	0.618
25	0.66
26	0.702
27	0.744
28	0.786
29	0.828
30	0.87
31	0.833
32	0.796
33	0.759
34	0.722
35	0.685
36	0.648
37	0.611
38	0.574
39	0.537
40	0.5
41	0.55
42	0.6
43	0.65
44	0.7
45	0.75
46	0.8
47	0.85
48	0.9
49	0.95
50	1
51	0.959
52	0.918
53	0.877
54	0.836
55	0.795
56	0.754
57	0.713
58	0.672
59	0.631
60	0.59
61	0.5895
62	0.589
63	0.5885
64	0.588
65	0.5875
66	0.587
67	0.5865
68	0.586
69	0.5855
70	0.585
71	0.5845
72	0.584
73	0.5835
74	0.583
75	0.5825
76	0.582
77	0.5815
78	0.581
79	0.5805
80	0.58
81	0.5845
82	0.589
83	0.5935
84	0.598
85	0.6025
86	0.607
87	0.6115
88	0.616
89	0.6205
90	0.625
91	0.6295
92	0.634
93	0.6385
94	0.643
95	0.6475
96	0.652
97	0.6565
98	0.661
99	0.6655
100	0.67
101	0.6515
102	0.633
103	0.6145
104	0.596
105	0.5775
106	0.559
107	0.5405
108	0.522
109	0.5035
110	0.485
111	0.4665
112	0.448
113	0.4295
114	0.411
115	0.3925
116	0.374
117	0.3555
118	0.337
119	0.3185
120	0.3
121	0.293
122	0.286
123	0.279
124	0.272
125	0.265
126	0.258
127	0.251
128	0.244
129	0.237
130	0.23
131	0.223
132	0.216
133	0.209
134	0.202
135	0.195
136	0.188
137	0.181
138	0.174
139	0.167
140	0.16
141	0.153
142	0.146
143	0.139
144	0.132
145	0.125
146	0.118
147	0.111
148	0.104
149	0.097
150	0.09
151	0.083
152	0.076
153	0.069
154	0.062
155	0.055
156	0.048
157	0.041
158	0.034
159	0.027
160	0.02
161	0.0325
162	0.045
163	0.0575
164	0.07
165	0.0825
166	0.095
167	0.1075
168	0.12
169	0.1325
170	0.145
171	0.1575
172	0.17
173	0.1825
174	0.195
175	0.2075
176	0.22
177	0.2325
178	0.245
179	0.2575
180	0.27
181	0.274333333333333
182	0.278666666666667
183	0.283
184	0.287333333333333
185	0.291666666666667
186	0.296
187	0.300333333333333
188	0.304666666666667
189	0.309
190	0.313333333333333
191	0.317666666666667
192	0.322
193	0.326333333333333
194	0.330666666666667
195	0.335
196	0.339333333333333
197	0.343666666666667
198	0.348
199	0.352333333333333
200	0.356666666666667
201	0.361
202	0.365333333333333
203	0.369666666666667
204	0.374
205	0.378333333333333
206	0.382666666666667
207	0.387
208	0.391333333333333
209	0.395666666666667
210	0.4
211	0.363
212	0.326
213	0.289
214	0.252
215	0.215
216	0.178
217	0.141
218	0.104
219	0.067
220	0.03
221	0.0285
222	0.027
223	0.0255
224	0.024
225	0.0225
226	0.021
227	0.0195
228	0.018
229	0.0165
230	0.015
231	0.0135
232	0.012
233	0.0105
234	0.009
235	0.0075
236	0.006
237	0.0045
238	0.003
239	0.0015
240	0
241	0.0025
242	0.005
243	0.0075
244	0.01
245	0.0125
246	0.015
247	0.0175
248	0.02
249	0.0225
250	0.025
251	0.0275
252	0.03
253	0.0325
254	0.035
255	0.0375
256	0.04
257	0.0425
258	0.045
259	0.0475
260	0.05
261	0.059
262	0.068
263	0.077
264	0.086
265	0.095
266	0.104
267	0.113
268	0.122
269	0.131
270	0.14
271	0.149
272	0.158
273	0.167
274	0.176
275	0.185
276	0.194
277	0.203
278	0.212
279	0.221
280	0.23
281	0.235
282	0.24
283	0.245
284	0.25
285	0.255
286	0.26
287	0.265
288	0.27
289	0.275
290	0.28
291	0.285
292	0.29
293	0.295
294	0.3
295	0.305
296	0.31
297	0.315
298	0.32
299	0.325
300	0.33
301	0.3295
302	0.329
303	0.3285
304	0.328
305	0.3275
306	0.327
307	0.3265
308	0.326
309	0.3255
310	0.325
311	0.3245
312	0.324
313	0.3235
314	0.323
315	0.3225
316	0.322
317	0.3215
318	0.321
319	0.3205
320	0.32
321	0.3305
322	0.341
323	0.3515
324	0.362
325	0.3725
326	0.383
327	0.3935
328	0.404
329	0.4145
330	0.425
331	0.4355
332	0.446
333	0.4565
334	0.467
335	0.4775
336	0.488
337	0.4985
338	0.509
339	0.5195
340	0.53
341	0.5165
342	0.503
343	0.4895
344	0.476
345	0.4625
346	0.449
347	0.4355
348	0.422
349	0.4085
350	0.395
351	0.3815
352	0.368
353	0.3545
354	0.341
355	0.3275
356	0.314
357	0.3005
358	0.287
359	0.2735
360	0.26
361	0.259
362	0.258
363	0.257
364	0.256
365	0.255
366	0.254
367	0.253
368	0.252
369	0.251
370	0.25
371	0.249
372	0.248
373	0.247
374	0.246
375	0.245
376	0.244
377	0.243
378	0.242
379	0.241
380	0.24
381	0.238
382	0.236
383	0.234
384	0.232
385	0.23
386	0.228
387	0.226
388	0.224
389	0.222
390	0.22
391	0.218
392	0.216
393	0.214
394	0.212
395	0.21
396	0.208
397	0.206
398	0.204
399	0.202
400	0.2
401	0.199
402	0.198
403	0.197
404	0.196
405	0.195
406	0.194
407	0.193
408	0.192
409	0.191
410	0.19
411	0.189
412	0.188
413	0.187
414	0.186
415	0.185
416	0.184
417	0.183
418	0.182
419	0.181
420	0.18
421	0.182
422	0.184
423	0.186
424	0.188
425	0.19
426	0.192
427	0.194
428	0.196
429	0.198
430	0.2
431	0.202
432	0.204
433	0.206
434	0.208
435	0.21
436	0.212
437	0.214
438	0.216
439	0.218
440	0.22
441	0.22025
442	0.2205
443	0.22075
444	0.221
445	0.22125
446	0.2215
447	0.22175
448	0.222
449	0.22225
450	0.2225
451	0.22275
452	0.223
453	0.22325
454	0.2235
455	0.22375
456	0.224
457	0.22425
458	0.2245
459	0.22475
460	0.225
461	0.22525
462	0.2255
463	0.22575
464	0.226
465	0.22625
466	0.2265
467	0.22675
468	0.227
469	0.22725
470	0.2275
471	0.22775
472	0.228
473	0.22825
474	0.2285
475	0.22875
476	0.229
477	0.22925
478	0.2295
479	0.22975
480	0.23
481	0.23025
482	0.2305
483	0.23075
484	0.231
485	0.23125
486	0.2315
487	0.23175
488	0.232
489	0.23225
490	0.2325
491	0.23275
492	0.233
493	0.23325
494	0.2335
495	0.23375
496	0.234
497	0.23425
498	0.2345
499	0.23475
500	0.235
501	0.23525
502	0.2355
503	0.23575
504	0.236
505	0.23625
506	0.2365
507	0.23675
508	0.237
509	0.23725
510	0.2375
511	0.23775
512	0.238
513	0.23825
514	0.2385
515	0.23875
516	0.239
517	0.23925
518	0.2395
519	0.23975
520	0.24
521	0.231
522	0.222
523	0.213
524	0.204
525	0.195
526	0.186
527	0.177
528	0.168
529	0.159
530	0.15
531	0.141
532	0.132
533	0.123
534	0.114
535	0.105
536	0.096
537	0.087
538	0.078
539	0.069
540	0.06
