time	temp
0	1.3668
0.1004	1.3976
0.202	1.4282
0.303	1.4419
0.4033	1.4387
0.504	1.4367
0.605	1.4591
0.7078	1.5293
0.808	1.6593
0.9089	1.8325
1.0097	2.0075
1.1106	2.1388
1.211	2.2192
1.312	2.2711
1.413	2.3066
1.5144	2.3375
1.615	2.3883
1.7153	2.4728
1.816	2.5698
1.9162	2.6487
2.017	2.7216
2.117	2.7959
2.217	2.864
2.318	2.8981
2.4184	2.92
2.52	2.9842
2.62	3.1226
2.72	3.3249
2.822	3.5769
2.924	3.8452
3.024	4.0956
3.124	4.2937
3.224	4.419
3.325	4.4893
3.426	4.5685
3.527	4.6455
3.628	4.7023
3.728	4.7564
3.829	4.8014
3.931	4.836
4.032	4.8768
4.133	4.9333
4.235	4.971
4.336	4.963
4.438	4.9072
4.539	4.8313
4.639	4.783
4.74	4.8006
4.841	4.9044
4.943	5.092
5.044	5.3046
5.145	5.477
5.245	5.5515
5.347	5.5048
5.45	5.36
5.552	5.1662
5.652	4.9987
5.753	4.9313
5.854	5.0158
5.9548	5.2476
6.055	5.5995
6.159	6.0539
6.2599	6.496
6.3618	6.8648
6.466	7.1345
6.576	7.3052
6.676	7.3894
6.777	7.4067
6.882	7.3343
6.984	7.1874
7.086	7.0157
7.189	6.8567
7.294	6.6902
7.4	6.5092
7.5536	6.2419
7.6869	6.0239
7.8024	5.8601
7.9141	5.7353
8.016	5.6593
8.118	5.6267
8.2259	5.6354
8.327	5.6734
8.428	5.7302
8.5397	5.8029
8.6575	5.8805
8.7967	5.9653
8.9004	6.0186
9.005	6.0596
9.112	6.0841
9.215	6.0884
9.317	6.0861
9.419	6.0993
9.52	6.1389
9.6244	6.1945
9.73	6.2533
9.8404	6.3111
9.9563	6.3604
10.064	6.3899
10.1676	6.4026
10.2903	6.4035
10.4117	6.3954
10.5276	6.3855
10.6353	6.3795
10.753	6.3819
10.9013	6.4054
11.005	6.4326
11.107	6.4632
11.209	6.4937
11.314	6.5217
11.4148	6.5493
11.5158	6.5848
11.618	6.6353
11.7184	6.6974
11.82	6.7653
11.9342	6.8383
12.035	6.895
12.1426	6.9482
12.26	6.999
12.3813	7.0457
12.4826	7.082
12.5845	7.1184
12.685	7.1664
12.787	7.2411
12.888	7.3394
12.99	7.4528
13.096	7.5714
13.1994	7.6761
13.3	7.7531
13.4045	7.8076
13.5087	7.8667
13.6144	7.9768
13.7208	8.1476
13.8272	8.3646
13.9296	8.6088
14.04	8.9073
14.14	9.206
14.2434	9.5333
14.3511	9.8644
14.4549	10.142
14.5599	10.3501
14.6676	10.473
14.7687	10.508
14.87	10.4693
14.9705	10.3896
15.073	10.3266
15.1819	10.3171
15.2878	10.3436
15.3937	10.3785
15.4995	10.396
15.6	10.3903
15.7035	10.3768
15.8053	10.3722
15.9064	10.3916
16.0131	10.4442
16.12	10.5081
16.2229	10.5552
16.3251	10.5644
16.4287	10.5256
16.54	10.4523
16.647	10.3769
16.75	10.3236
16.85	10.307
16.9525	10.325
17.0701	10.3829
17.1945	10.4792
17.31	10.5933
17.4336	10.7332
17.5573	10.8828
17.66	11.0072
17.7731	11.1372
17.88	11.2464
18	11.345
18.1	11.4013
18.21	11.4293
18.32	11.4149
18.4302	11.3508
18.5906	11.1705
18.7056	10.9903
18.8166	10.7868
18.9295	10.5593
19.0386	10.3286
19.1736	10.0413
19.2765	9.8303
19.4	9.5973
19.5	9.4326
19.6145	9.275
19.7338	9.1449
19.8682	9.0377
19.9854	8.9766
20.0997	8.9444
20.2067	8.9373
20.3232	8.9536
20.4299	8.9891
20.5318	9.0402
20.6564	9.124
20.7847	9.2328
20.8868	9.3343
21	9.4609
21.1183	9.6067
21.2264	9.7473
21.3322	9.8867
21.5066	10.1081
21.614	10.2317
21.7623	10.3757
21.9055	10.4747
22.0058	10.5144
22.2	10.5053
22.3341	10.4207
22.5	10.2116
22.6	10.0232
22.7047	9.7906
22.8099	9.5661
22.9152	9.3888
23.0205	9.2486
23.1257	9.1222
23.2271	9.0053
23.3304	8.9021
23.4357	8.8276
23.5415	8.8084
23.6468	8.873
23.7498	9.0277
23.85	9.2549
23.9546	9.5423
24.0589	9.8106
24.1619	9.9934
24.2649	10.0952
24.368	10.1434
24.471	10.1646
24.574	10.1833
24.6765	10.1991
24.7819	10.1928
24.8841	10.1503
24.9856	10.0691
25.087	9.9472
25.1885	9.784
25.2899	9.5801
25.3914	9.3392
25.4928	9.07
25.5943	8.7797
25.6953	8.4754
25.8153	8.1019
25.9196	7.7816
26.0228	7.484
26.1261	7.2201
26.2294	7.0043
26.3339	6.8392
26.4359	6.7218
26.5411	6.6368
26.661	6.5726
26.768	6.534
26.8891	6.4992
26.9925	6.4734
27.334	6.4217
27.437	6.4188
27.554	6.4242
27.672	6.4399
27.778	6.4636
27.879	6.4954
27.99	6.5414
28.091	6.5938
28.197	6.6579
28.3	6.7269
28.404	6.8011
28.511	6.8799
28.644	6.9776
28.7452	7.049
28.871	7.131
28.981	7.1937
29.0998	7.2492
29.2	7.2839
29.313	7.3073
29.4164	7.3121
29.535	7.2953
29.69	7.2325
29.792	7.1631
29.901	7.0617
30.018	6.9214
30.1192	6.7881
30.23	6.652
30.359	6.5377
30.4704	6.5046
30.5759	6.5515
30.6788	6.6575
30.7802	6.7735
30.8804	6.8693
30.983	6.9387
31.0886	6.972
31.1898	6.968
31.3	6.9379
31.4012	6.9001
31.5046	6.8609
31.608	6.8284
31.7099	6.8081
31.8118	6.7923
31.913	6.7696
32.016	6.7325
32.1161	6.6885
32.2224	6.6412
32.3233	6.5954
32.4317	6.532
32.532	6.4488
32.6332	6.341
32.745	6.1999
32.8463	6.0596
32.9504	5.9299
33.052	5.8537
33.1567	5.8648
33.2581	5.9969
33.3595	6.2727
33.4656	6.7
33.5667	7.2054
33.6692	7.7476
33.772	8.2519
33.8742	8.6762
33.9754	8.9987
34.0854	9.2558
34.1854	9.4392
34.288	9.6032
34.3891	9.7414
34.499	9.8609
34.6	9.9426
34.7	10.0015
34.803	10.0446
34.908	10.0756
35.026	10.0999
35.145	10.1186
35.263	10.137
35.386	10.1621
35.491	10.1928
35.597	10.2368
35.7512	10.3322
35.882	10.4503
35.996	10.5822
36.115	10.7437
36.218	10.8992
36.333	11.0855
36.45	11.2842
36.6067	11.5561
36.715	11.7422
36.8312	11.935
36.966	12.1435
37.075	12.2952
37.1961	12.4407
37.4	12.6228
37.5	12.6857
37.6571	12.7542
37.771	12.784
37.9254	12.8022
38.031	12.8029
38.145	12.7953
38.2534	12.7823
38.424	12.7552
38.549	12.7343
38.6733	12.7162
38.784	12.7049
38.9	12.7002
39	12.7041
39.107	12.7183
39.275	12.7655
39.414	12.8271
39.539	12.8969
39.665	12.9782
39.77	13.0524
39.8935	13.1451
40	13.2277
40.1	13.3062
40.245	13.4187
40.36	13.5043
40.492	13.596
40.624	13.6775
40.7314	13.7342
40.8325	13.7781
40.98	13.8229
41.1023	13.8399
41.2294	13.8378
41.3813	13.8133
41.485	13.7855
41.6	13.7466
41.7528	13.686
41.865	13.638
41.9743	13.5909
42.0746	13.5491
42.1905	13.5048
42.317	13.4641
42.4171	13.4397
42.5278	13.4227
42.6303	13.4183
42.758	13.4307
42.9178	13.479
43.0275	13.5363
43.1377	13.6154
43.261	13.7265
43.3675	13.8386
43.5	13.9941
43.6	14.1204
43.7	14.2516
43.809	14.3976
43.988	14.6362
44.2	14.9007
44.326	15.04
44.5	15.2049
44.6	15.2863
44.7	15.3587
44.8044	15.4256
45	15.5293
45.135	15.5869
45.2614	15.6321
45.4	15.6737
45.5	15.6995
45.6	15.7226
45.71	15.7456
45.9	15.7823
46	15.8013
46.1	15.8211
46.2	15.8422
46.3386	15.8751
46.4645	15.9101
46.6	15.9542
46.7	15.9911
46.8196	16.0398
47	16.1218
47.1	16.1714
47.2262	16.2377
47.372	16.3191
47.4957	16.3918
47.6	16.4553
47.7	16.518
47.8065	16.5864
47.9217	16.662
48.0431	16.7433
48.2	16.85
48.4	16.988
48.5	17.0572
48.6232	17.1425
48.7379	17.2215
48.8593	17.3043
49	17.399
49.1	17.465
49.3	17.5933
49.4	17.6551
49.603	17.7747
49.7859	17.8748
49.9142	17.9399
50.1063	18.0287
50.2363	18.0821
50.34	18.1205
50.4962	18.1709
50.6	18.1991
50.7	18.222
50.8475	18.2477
51	18.2637
51.2	18.267
51.3466	18.2559
51.5	18.2313
51.6133	18.2042
51.7319	18.1674
51.9092	18.0954
52.049	18.0237
52.175	17.9474
52.3683	17.809
52.5125	17.6917
52.6632	17.5594
52.7801	17.4518
52.9095	17.3293
53.0109	17.2321
53.1202	17.1271
53.2403	17.0129
53.3925	16.8721
53.5668	16.7198
53.6677	16.6378
53.7748	16.5568
53.8763	16.4867
53.9835	16.4208
54.1021	16.3576
54.2332	16.2998
54.3861	16.2478
54.4994	16.22
54.6034	16.2023
54.747	16.1901
54.8547	16.1901
54.9809	16.1998
55.0842	16.2135
55.1853	16.2284
55.3046	16.2436
55.4083	16.2509
55.5202	16.2483
55.6424	16.2284
55.751	16.1937
55.8549	16.147
55.97	16.0818
56.0878	16.0026
56.2184	15.9031
56.34	15.8019
56.4794	15.6794
56.6044	15.5667
56.7137	15.4682
56.87	15.3313
56.9919	15.231
57.11	15.1419
57.2304	15.0611
57.38	14.9756
57.5	14.919
57.6	14.8802
57.7	14.8491
57.8086	14.8242
57.91	14.8094
58.0132	14.8029
58.114	14.8048
58.216	14.8154
58.3529	14.8433
58.49	14.8873
58.6	14.9344
58.7	14.9863
58.81	15.0529
58.95	15.1504
59.0512	15.2285
59.1543	15.3138
59.36	15.4974
59.48	15.6106
59.58	15.7072
59.71	15.8342
59.85	15.971
59.95	16.0676
60.1808	16.2821
60.4357	16.4954
60.61	16.6205
60.79	16.7266
60.9	16.7779
61	16.8147
61.1	16.8411
61.2	16.857
61.39	16.8604
61.5	16.8475
61.6404	16.8165
61.9	16.7213
62.0177	16.6639
62.2	16.5604
62.3317	16.4762
62.5	16.3593
62.6	16.2858
62.7	16.21
63	15.9743
63.1778	15.8331
63.2832	15.7504
63.4015	15.6596
63.535	15.5606
63.66	15.4723
63.97	15.2791
64.17	15.1797
64.3	15.1281
64.4106	15.0926
64.5444	15.0594
64.7	15.0334
64.85	15.02
65	15.0173
65.1023	15.0211
65.2332	15.032
65.35	15.047
65.45	15.0634
65.6	15.0936
65.7555	15.1311
65.87	15.1621
66	15.2001
66.11	15.2342
66.2183	15.2692
66.38	15.3236
66.5	15.366
66.7	15.4411
66.9	15.5227
67.0073	15.5694
67.15	15.6352
67.26	15.6889
67.38	15.7507
67.5173	15.8258
67.66	15.9092
67.77	15.9774
68.04	16.1604
68.15	16.2417
68.26	16.3273
68.37	16.4172
68.5	16.5293
68.72	16.7343
68.96	16.981
69.08	17.1141
69.2	17.2538
69.45	17.5673
69.61	17.7842
69.82	18.085
69.96	18.2932
70.09	18.4906
70.23	18.706
70.38	18.9383
70.5	19.124
70.63	19.3239
70.75	19.5061
70.89	19.7146
71.03	19.9172
71.16	20.0988
71.3	20.2856
71.4	20.4129
71.6	20.6494
71.7	20.7586
71.94	20.9973
72.22	21.2364
72.41	21.3762
72.7	21.5576
72.83	21.6273
72.98	21.6994
73.09	21.747
73.23	21.8014
73.4	21.8587
73.53	21.8967
73.8	21.9607
74	21.9969
74.5	22.0548
74.61	22.0628
74.76	22.0717
74.92	22.0793
75.1	22.0863
75.37	22.0958
75.48	22.1
75.7	22.1101
75.88	22.1211
76	22.1303
76.26	22.1569
76.4	22.1758
76.8	22.2521
76.91	22.28
77.06	22.3233
78	22.7314
78.48	23.0162
78.65	23.1271
78.8	23.2288
78.99	23.3623
79.5	23.7428
79.87	24.0344
80.23	24.3261
80.45	24.5068
80.6	24.6304
80.77	24.7705
80.89	24.8693
81	24.9596
81.14	25.074
81.29	25.1957
81.4	25.2841
81.59	25.4352
81.74	25.5525
81.89	25.6678
82.11	25.8327
82.26	25.9419
82.55	26.1445
82.65	26.2115
82.77	26.2897
82.92	26.384
83.07	26.4741
83.3	26.6041
83.44	26.6785
83.6	26.7593
83.74	26.8262
83.96	26.9246
84.18	27.0148
84.4	27.0973
84.6	27.1657
84.7	27.1976
85.3	27.3584
85.5	27.4009
85.66	27.4312
86.08	27.4954
86.18	27.5076
86.5	27.5391
86.63	27.5487
87.07	27.5686
87.18	27.5707
87.3	27.5718
87.5	27.5707
87.89	27.5593
88.37	27.53
88.48	27.5212
88.74	27.4976
89	27.4703
89.2	27.4472
89.48	27.412
89.7	27.3824
89.9	27.3542
90.05	27.3324
90.1842	27.3124
90.3	27.2949
91	27.1859
91.24	27.1482
91.5	27.1077
92	27.0317
92.5526	26.9479
92.8	26.9094
93	26.8776
93.5	26.7936
93.63	26.7705
93.75	26.7486
94	26.7011
94.15	26.6713
94.26	26.6487
94.5	26.5973
94.64	26.5658
94.8	26.5283
95	26.4792
95.5	26.3439
95.7	26.2843
95.82	26.2469
95.96	26.2017
96.12	26.1479
96.24	26.1059
96.5	26.0101
96.63	25.9596
96.82	25.8826
96.94	25.8318
97.5	25.5728
97.67	25.4865
97.83	25.4018
97.96	25.3305
98.07	25.2683
98.65	24.9117
98.81	24.8044
98.98	24.6861
99.14	24.571
99.3	24.4526
99.5	24.3005
99.66	24.1759
99.83	24.0412
99.93	23.9611
100.053	23.8616
100.16	23.7744
100.34	23.6268
100.5	23.4949
100.65	23.3709
100.8	23.2469
100.92	23.148
101.05	23.0412
101.2	22.9187
101.5	22.6773
101.75	22.481
102	22.2908
102.5	21.9335
103	21.6141
103.954	21.1075
104.1	21.0411
104.3	20.9547
104.4	20.9134
105	20.6918
105.107	20.6567
105.461	20.5499
105.7	20.4855
106	20.413
106.2	20.3696
106.5	20.3115
106.7	20.2773
107	20.2323
107.5	20.1733
107.7	20.1548
107.9	20.139
108.3	20.1151
108.4	20.1106
108.7	20.1003
109	20.0947
109.2	20.0932
109.5	20.094
109.8	20.0981
110	20.1024
110.2	20.1078
110.6	20.1214
110.8	20.1292
110.9	20.1334
111.2	20.1464
111.8	20.1738
112	20.1827
112.3	20.1956
112.5	20.2035
112.7	20.2107
113	20.2201
114	20.2029
115	20.1858
115.298	20.1807
115.931	20.1178
116.565	20.0237
116.776	19.9849
117.269	19.8796
117.691	19.7747
118.691	19.4581
119.522	19.195
120.296	18.9067
121	18.6321
121.164	18.5671
122	18.2341
122.397	18.077
122.562	18.0122
122.726	17.9482
122.89	17.8848
123.055	17.8216
123.219	17.7594
123.384	17.6976
123.548	17.637
123.712	17.5773
123.959	17.4893
124.123	17.4321
124.37	17.3483
124.534	17.2943
125.356	17.0455
125.849	16.9166
126.014	16.8774
126.178	16.8404
126.589	16.7574
127	16.689
127.156	16.6671
127.469	16.6302
127.781	16.6034
127.938	16.5939
128.1	16.5868
128.3	16.5822
128.406	16.5817
128.719	16.5878
128.875	16.5954
129	16.6036
129.187	16.6197
129.4	16.6434
129.6	16.6705
129.8	16.7024
129.969	16.7328
130.1	16.7585
130.3	16.8013
130.6	16.8732
130.8	16.9261
131	16.9826
131.3	17.0741
131.531	17.1497
131.8	17.243
132	17.3159
132.158	17.3755
132.316	17.4367
132.474	17.4995
132.632	17.5638
132.868	17.6625
133.105	17.7647
133.421	17.905
133.579	17.9768
133.974	18.1603
134.132	18.2352
134.289	18.3102
134.447	18.3864
134.7	18.5095
134.842	18.5791
135	18.6569
135.5	18.9045
135.7	19.0038
135.9	19.1031
136.1	19.202
136.342	19.3212
136.5	19.3986
136.653	19.4731
137.3	19.783
137.5	19.877
137.724	19.9812
138.184	20.1914
138.49	20.328
139.5	20.7295
140.5	21.1266
141.245	21.4224
141.551	21.5261
141.857	21.6257
142.01	21.6739
142.163	21.721
142.622	21.8558
143.622	22.0856
144.618	22.3144
144.928	22.3654
145.134	22.396
145.546	22.4493
145.649	22.4609
146.268	22.5162
146.371	22.5228
146.474	22.5288
146.577	22.534
146.68	22.5385
146.886	22.5453
146.989	22.5475
147.092	22.549
147.195	22.5497
147.298	22.5497
147.608	22.5448
147.814	22.5376
147.917	22.5327
148.02	22.5271
148.123	22.5207
148.226	22.5134
148.329	22.5053
148.432	22.4964
148.535	22.4866
148.638	22.476
148.742	22.4644
148.948	22.4389
149.051	22.4248
149.36	22.3774
149.463	22.3598
149.669	22.322
149.8	22.296
149.978	22.2583
150.082	22.2351
150.288	22.1862
150.597	22.1058
150.831	22.0392
150.962	21.9997
151.092	21.9589
151.3	21.8905
152.3	21.5097
152.662	21.3602
152.792	21.3035
153.054	21.1869
153.185	21.1275
153.315	21.0679
153.577	20.9461
153.969	20.7606
154.1	20.6979
154.542	20.485
154.763	20.3783
154.983	20.2722
155.204	20.1661
155.4	20.0727
155.6	19.9781
155.8	19.8846
156	19.7924
156.2	19.7015
156.3	19.6567
156.529	19.5559
156.75	19.461
157	19.357
157.15	19.2964
157.35	19.2181
157.5	19.1611
157.633	19.1121
157.74	19.0737
157.85	19.0351
158	18.9842
158.2	18.9193
158.3	18.8881
158.5	18.8282
158.7	18.7717
158.8	18.7447
159.179	18.6496
159.4	18.5995
159.6	18.5576
159.757	18.527
159.876	18.505
160.114	18.4645
160.233	18.4458
160.471	18.4119
160.59	18.3965
160.71	18.3822
160.829	18.369
160.948	18.3569
161.067	18.3459
161.186	18.3359
161.305	18.327
161.543	18.3124
161.781	18.3019
161.9	18.2981
162.138	18.2938
162.376	18.2935
162.614	18.2973
163.2	18.3233
164	18.3967
165	18.609
166	18.8213
167	19.0337
167.7	19.2585
168	19.363
168.3	19.4723
168.7	19.6254
169.1	19.7867
169.428	19.9248
170.341	20.3368
170.797	20.557
171	20.6581
171.253	20.7865
171.367	20.8453
171.709	21.0249
172.052	21.21
172.508	21.4634
173.508	22.0498
173.648	22.1319
174.648	22.7554
175.675	23.421
175.93	23.5864
176.565	24.0045
176.827	24.1772
176.958	24.2635
177.351	24.5217
177.547	24.65
177.809	24.8208
178.464	25.2427
179.464	25.8647
179.576	25.9344
179.969	26.1689
180.944	26.7215
181.472	27.0003
181.683	27.1072
182.422	27.4589
182.528	27.5062
183.267	27.813
183.583	27.9309
184.1	28.1051
184.3	28.1661
184.5	28.2232
184.7	28.2765
184.8	28.3017
185	28.349
185.3	28.4123
185.483	28.4462
185.6	28.466
185.75	28.4891
185.86	28.5045
185.98	28.5197
186.1	28.5333
186.25	28.5479
186.4	28.5597
186.539	28.5673
186.7	28.5711
186.85	28.5687
187	28.5594
187.15	28.5422
187.278	28.5206
187.4	28.4933
187.55	28.45
187.7	28.3951
187.8	28.3514
187.911	28.2959
188.017	28.2356
188.122	28.1686
188.25	28.0764
188.4	27.953
188.544	27.818
188.7	27.6541
188.967	27.3354
189.08	27.1876
189.389	26.7509
189.5	26.584
189.65	26.3519
189.752	26.1903
189.98	25.8206
190.1	25.6227
190.284	25.317
190.4	25.1238
190.55	24.8748
190.75	24.5466
190.892	24.3178
191.044	24.0785
191.25	23.766
191.424	23.5151
191.576	23.3075
191.728	23.1125
191.956	22.8462
192.1	22.6946
192.336	22.4728
192.6	22.2621
192.716	22.1814
192.868	22.0862
193.096	21.9649
193.3	21.8769
193.476	21.8159
193.628	21.7737
193.78	21.7407
193.932	21.7164
194.16	21.6954
194.312	21.6911
194.464	21.6939
194.616	21.7034
194.768	21.7192
194.996	21.7535
195.3	21.8169
195.447	21.8537
195.593	21.8938
195.74	21.9372
195.887	21.9833
196.033	22.0313
196.253	22.107
196.547	22.2122
196.693	22.2652
196.84	22.3186
196.987	22.3715
197.133	22.4234
197.353	22.4999
197.573	22.5747
197.72	22.6236
198.087	22.7425
198.307	22.8116
198.527	22.8791
198.673	22.9229
199.04	23.0303
199.26	23.0928
199.407	23.1337
199.553	23.1738
199.773	23.233
199.993	23.2909
200.14	23.3289
200.8	23.493
201.093	23.5627
201.533	23.6639
201.68	23.6969
201.9	23.7455
202.153	23.8004
203.153	24.0075
203.504	24.0772
203.673	24.1103
204.096	24.1918
204.349	24.2399
204.518	24.2717
204.94	24.3506
205.447	24.4443
206.447	24.6284
207	24.7303
207.148	24.7579
207.328	24.7916
207.624	24.8474
207.835	24.8877
208.183	24.9548
208.44	25.0051
208.898	25.0967
209.031	25.1237
209.135	25.145
209.285	25.1761
210.366	25.459
211.366	25.725
212.366	25.991
213.366	26.257
214.366	26.523
215.366	26.789
216.366	27.0551
217.366	27.3211
218.366	27.5871
219.366	27.8531
220.366	28.1191
221.366	28.3852
221.89	28.5245
222.134	28.5973
222.236	28.6277
222.41	28.6797
222.791	28.7935
222.941	28.8383
223.054	28.872
223.2	28.9156
223.311	28.9488
223.429	28.984
223.568	29.0255
223.805	29.0963
224.18	29.2082
225.18	29.5054
225.35	29.5559
225.713	29.6633
225.991	29.7453
226.262	29.825
226.574	29.9165
226.857	29.9992
227.065	30.0598
227.705	30.2452
228.705	30.528
229.705	30.8108
229.853	30.8526
230.853	31.1225
231.695	31.3498
231.941	31.4142
232.948	31.6719
233.596	31.8333
234.042	31.9417
234.464	32.0423
234.683	32.0938
234.897	32.1435
235.093	32.1886
235.235	32.221
236.235	32.4372
237.06	32.6156
237.215	32.6471
237.42	32.6883
238.196	32.8394
238.333	32.8653
238.748	32.9427
239.748	33.1207
240.24	33.2083
241.24	33.3864
242.24	33.5645
243.24	33.7426
244.24	33.9208
245.24	34.0989
246.24	34.277
247.24	34.4551
248.24	34.6332
248.402	34.6621
248.551	34.6939
248.702	34.7266
248.914	34.7731
249.035	34.7999
249.184	34.8334
249.309	34.8617
249.422	34.8876
249.616	34.9326
249.731	34.9595
250.269	35.0892
250.382	35.1172
250.5	35.1467
250.624	35.178
250.759	35.2125
250.918	35.2536
251.023	35.2811
251.362	35.3714
251.992	35.5465
252.217	35.6115
252.591	35.7222
252.697	35.7542
252.947	35.8308
253.049	35.8624
253.503	36.0061
253.668	36.0594
253.822	36.1096
254.049	36.1845
254.243	36.2493
254.524	36.3443
254.771	36.429
254.997	36.5072
255.42	36.6558
255.543	36.6995
255.72	36.7627
255.919	36.8342
256.444	37.0249
256.667	37.1068
256.778	37.1477
257.806	37.5313
258	37.6038
258.111	37.6456
259	37.9814
260	38.3567
261	38.7321
262.088	39.1293
262.25	39.1883
263.25	39.5391
264.203	39.8585
264.5	39.9545
265.36	40.2216
266.36	40.4696
267.36	40.7175
268.36	40.9655
269	41.1242
269.409	41.1974
270.409	41.214
271.409	41.2306
272.409	41.2472
273.409	41.2638
274.409	41.2804
275.409	41.297
275.858	41.3045
276.858	40.9905
277.858	40.6765
278.858	40.3626
279.858	40.0486
280.157	39.9547
280.26	39.9053
281.26	39.3794
282	38.9375
283	38.2327
283.654	37.7719
284.654	36.947
285.666	36.0276
286	35.7238
286.696	35.0535
287.271	34.4868
287.779	33.9793
287.976	33.7814
288.146	33.6103
288.666	33.0862
288.946	32.8041
289.226	32.5227
289.747	32.0023
290	31.7518
291	30.7896
291.313	30.4885
292.039	29.8274
292.549	29.3842
292.676	29.2769
292.931	29.0654
293.059	28.9613
293.186	28.8595
293.441	28.6594
293.569	28.5613
293.696	28.4656
293.824	28.3708
293.951	28.2783
294.078	28.1876
294.206	28.0979
294.461	27.9247
294.588	27.8412
294.716	27.7589
294.843	27.6793
294.971	27.601
295.098	27.5254
296.098	27.0245
296.373	26.8868
296.475	26.8459
296.788	26.7304
296.994	26.663
297.158	26.6142
297.323	26.5698
297.816	26.4649
298.31	26.4038
298.639	26.3887
299.38	26.4334
299.709	26.4899
299.873	26.5268
300.203	26.6187
300.449	26.702
300.614	26.7647
301.025	26.9436
301.19	27.0241
301.437	27.1533
301.766	27.3411
302.465	27.7936
303	28.1832
303.289	28.4071
303.578	28.6394
303.771	28.7988
303.964	28.9613
304.253	29.2098
304.446	29.3789
304.639	29.5502
304.831	29.7226
305.265	30.1182
305.41	30.2518
305.602	30.4295
305.892	30.6991
306	30.7998
306.277	31.0581
306.855	31.595
307.337	32.0367
307.964	32.5961
308.494	33.0496
308.687	33.2093
308.899	33.3808
309.892	34.1209
310	34.1942
310.133	34.2823
310.518	34.5229
310.904	34.7413
311.835	35.1689
312.096	35.2647
312.3	35.3327
312.774	35.4682
313.087	35.5411
313.296	35.5828
313.922	35.676
314.339	35.7134
315	35.7358
315.487	35.7261
315.696	35.7157
316.113	35.6847
316.739	35.6148
317.052	35.5706
317.678	35.4665
318.678	35.2608
319.035	35.1873
319.4	35.1042
320.4	34.8751
321.4	34.6461
321.7	34.5773
322.061	34.5029
322.374	34.4421
322.791	34.3675
323.158	34.3087
323.277	34.2913
323.396	34.2746
323.832	34.221
323.95	34.2087
324.188	34.1868
324.386	34.1717
324.782	34.151
325.139	34.1436
325.851	34.1646
326	34.1755
326.208	34.1946
326.406	34.2173
326.644	34.2506
326.842	34.2834
326.96	34.3052
327.09	34.3312
327.271	34.371
327.452	34.4151
327.723	34.4893
327.904	34.5446
328.084	34.6041
328.31	34.6853
328.446	34.7376
328.717	34.8484
328.943	34.9472
329.169	35.0512
329.304	35.1154
329.53	35.2263
329.711	35.3176
329.892	35.411
330.163	35.5537
330.343	35.6501
330.524	35.7479
330.705	35.8463
330.886	35.9449
331.247	36.1412
331.428	36.2388
331.608	36.3349
331.789	36.4303
331.97	36.5241
332.331	36.7052
332.602	36.8348
332.783	36.9177
332.964	36.9973
333.416	37.1797
333.596	37.245
333.867	37.3346
334.319	37.4579
334.482	37.4936
334.952	37.5676
335.223	37.5895
335.331	37.5941
335.494	37.5966
335.855	37.5842
336.036	37.5691
336.172	37.5541
336.307	37.5362
336.416	37.5196
336.669	37.474
336.849	37.4358
337.211	37.3457
337.392	37.2944
337.753	37.1808
337.934	37.1186
338.114	37.0536
338.25	37.0026
338.476	36.9145
339.018	36.6883
339.199	36.6089
339.47	36.4873
339.741	36.363
339.922	36.2789
341.012	35.7727
341.548	35.5239
341.729	35.4441
342.018	35.3205
342.369	35.1775
343.2	34.8801
343.754	34.7227
344.206	34.6239
344.308	34.6056
344.585	34.5639
344.769	34.5424
345.138	34.5138
345.323	34.5066
345.785	34.5088
345.969	34.5176
346.154	34.5308
346.292	34.5435
346.449	34.5608
346.8	34.6104
346.985	34.6425
347.871	34.8504
348	34.8879
348.185	34.9446
348.369	35.0045
349.108	35.2786
349.754	35.5594
349.938	35.6459
350.215	35.7814
350.769	36.0702
351.046	36.2231
351.415	36.4348
351.692	36.5996
352.062	36.8269
352.523	37.121
353.169	37.5511
353.723	37.9346
354.723	38.6785
355.723	39.4224
356.723	40.1663
357.723	40.9103
358.723	41.6542
359.556	42.2739
360.556	42.9461
361.556	43.6182
361.778	43.7675
362	43.903
362.222	44.0355
362.444	44.1649
362.667	44.2915
362.889	44.4142
363.111	44.5334
363.333	44.6489
363.556	44.7611
363.778	44.8689
364.022	44.9827
364.328	45.1182
364.442	45.1666
364.574	45.2212
364.808	45.3142
365.038	45.4008
365.154	45.4428
365.269	45.4833
365.407	45.5304
365.524	45.5691
365.788	45.6523
365.904	45.687
366.135	45.753
366.885	45.9385
367.288	46.0208
367.865	46.1185
368.865	46.2304
369.019	46.2477
369.942	46.2928
370.588	46.2966
371.588	46.258
371.765	46.2512
372.353	46.2059
373.235	46.1134
373.529	46.0767
374.529	45.9141
375.529	45.7515
376.176	45.6462
376.309	45.6211
376.765	45.5333
376.897	45.5074
377.353	45.4171
377.485	45.3907
377.779	45.3316
377.941	45.2989
378.235	45.2394
378.529	45.1799
379.118	45.0614
379.412	45.0029
379.765	44.9335
380.106	44.8676
380.529	44.7878
381.529	44.6412
382.529	44.4945
383.529	44.3479
384.019	44.2761
385.019	44.2183
385.796	44.1735
385.902	44.1719
386.388	44.1716
386.769	44.179
387.192	44.1947
387.827	44.2326
388.038	44.2488
388.885	44.3306
389.885	44.4599
390.577	44.5658
391	44.6375
391.205	44.6739
391.368	44.7035
391.818	44.7885
392.023	44.8286
393.023	45.0361
393.25	45.0853
393.455	45.1305
393.659	45.1761
394.659	45.4097
395.5	45.6062
396.318	45.8033
397.318	46.0436
397.75	46.1473
398.75	46.3792
399.018	46.4413
399.141	46.4689
399.407	46.528
399.55	46.5593
399.673	46.586
399.898	46.6343
400.959	46.8491
401.525	46.9551
402.525	47.0788
403.525	47.2026
404.525	47.3263
405.288	47.4206
405.512	47.4323
406.512	47.4386
407.322	47.4437
408.156	47.3945
408.542	47.359
409.254	47.2712
410.295	47.0853
410.902	46.9488
411.451	46.8017
412.287	46.5369
412.738	46.3728
412.857	46.3269
413.049	46.2506
413.209	46.1848
413.443	46.0851
413.598	46.0166
413.787	45.9305
413.926	45.8654
414.049	45.8066
414.336	45.6651
414.566	45.5477
414.98	45.3277
415.094	45.2654
415.246	45.181
415.77	44.881
416.074	44.701
416.217	44.615
416.361	44.5275
416.525	44.4269
416.672	44.336
417	44.1307
417.182	44.0155
417.455	43.8411
417.636	43.7246
417.909	43.5479
418.273	43.3108
418.545	43.1329
418.818	42.9541
419.09	42.7761
419.271	42.6577
419.481	42.5208
419.842	42.2866
420.053	42.1506
420.233	42.0353
420.594	41.8064
420.895	41.6183
421.135	41.4705
421.677	41.1447
422.098	40.9006
422.398	40.7321
422.699	40.5679
423.312	40.248
423.547	40.1305
423.781	40.0163
424.094	39.868
424.406	39.7251
424.953	39.4864
425.344	39.3249
425.5	39.2626
426.047	39.0535
426.359	38.9408
426.594	38.8589
426.906	38.7544
427.141	38.6788
427.688	38.5128
428	38.4243
428.174	38.377
428.523	38.2863
429.047	38.1605
429.395	38.0839
430.267	37.9156
431.267	37.7648
432.314	37.6553
432.535	37.6326
433.535	37.5879
434.105	37.5623
435.105	37.5697
435.674	37.5898
436.674	37.6764
437.674	37.763
438.64	37.8934
439.512	38.042
439.86	38.1085
440.86	38.3339
441.605	38.5018
442.477	38.7345
443	38.8852
443.102	38.9156
443.278	38.9687
443.454	39.0227
443.556	39.0544
443.659	39.0867
444.171	39.2521
444.463	39.3497
444.793	39.4629
445.159	39.5921
445.561	39.7381
445.927	39.8749
446.927	40.2726
447.39	40.4568
448.39	40.8911
448.854	41.0926
449	41.1588
449.281	41.2876
449.865	41.561
450.688	41.9592
450.817	42.023
451.817	42.5392
452.817	43.0555
453.284	43.307
453.413	43.3774
453.543	43.4486
453.695	43.5323
453.976	43.688
454.668	44.0776
455.101	44.3254
455.447	44.5257
456.269	45.0092
457.269	45.6335
458.269	46.2578
459.269	46.8821
460.269	47.5064
460.681	47.7636
461.681	48.4204
461.957	48.6017
462.957	49.2687
463.979	49.9635
464.979	50.6436
465.64	51.0932
466.64	51.7833
467.72	52.5335
468.64	53.1729
469.12	53.5076
469.8	53.9821
469.92	54.0659
470.92	54.7636
471.243	54.9889
471.686	55.2976
472.686	55.9915
473.462	56.5301
474.462	57.2147
475.462	57.8993
476.124	58.3525
477.124	59.0226
477.899	59.5419
478.899	60.1941
479.899	60.8463
480.118	60.9891
481.118	61.6163
482.118	62.2434
482.337	62.3808
483.225	62.9194
484.225	63.4912
485.225	64.063
486.225	64.6348
486.765	64.9436
487.765	65.4526
488.765	65.9617
489.765	66.4707
490	66.5903
490.294	66.729
491.294	67.0727
492.294	67.4163
493.294	67.76
494.294	68.1037
495.294	68.4473
496.294	68.791
497.294	69.1346
498.294	69.4783
499.294	69.8219
499.861	70.0168
500.861	69.6462
501.861	69.2755
502.861	68.9049
503.861	68.5343
504.861	68.1637
505.861	67.7931
506.861	67.4224
507.861	67.0518
508.861	66.6812
509.861	66.3106
510.861	65.94
511.861	65.5693
512.861	65.1987
513.861	64.8281
514.861	64.4575
515.861	64.0869
516.861	63.7162
517.861	63.3456
518.861	62.975
519.861	62.6044
520.861	62.2338
521.861	61.8631
522.861	61.4925
523.861	61.1219
524.861	60.7513
525.861	60.3807
526.5	60.1438
