scientificName	Amphicyonidae	Canidae	Felidae	FeliformiaOther	Hyaenidae	Musteloidea	Ursidae	Viverridae	BodyMass	Eurasia	NAmerica
Acinonyx	0	0	1	0	0	0	0	0	1.29301779951565	1	0
Actiocyon	0	0	0	0	0	1	0	0	-0.695221017129775	0	1
Adcrocuta	0	0	0	0	1	0	0	0	0.656563911361157	1	0
Adilophontes	1	0	0	0	0	0	0	0	1.52436778649835	0	1
Aelurocyon	0	0	0	0	0	1	0	0	-1.10739607381541	1	0
Aelurodon	0	1	0	0	0	0	0	0	1.307672828184	0	1
Afrosmilus	0	0	0	1	0	0	0	0	0.362189754743972	1	0
Agnotherium	1	0	0	0	0	0	0	0	2.11958808829765	1	0
Agriarctos	0	0	0	0	0	0	1	0	1.61045857510215	1	0
Agriotherium	0	0	0	0	0	0	1	0	1.87197195113252	1	1
Ailurarctos	0	0	0	0	0	0	1	0	1.33121623645594	1	0
Ailuropoda	0	0	0	0	0	0	1	0	1.38130696189279	1	0
Ailurus	0	0	0	0	0	1	0	0	-0.481640487498983	1	0
Aktaucyon	1	0	0	0	0	0	0	0	1.49662757288225	1	0
Albanosmilus	0	0	0	1	0	0	0	0	2.06405473390333	1	0
Algarolutra	0	0	0	0	0	1	0	0	-0.0457519854161919	1	0
Allohyaena	0	0	0	0	1	0	0	0	1.55543843866932	1	0
Alopecocyon	0	0	0	0	0	1	0	0	-0.462710238444002	1	1
Alopex	0	1	0	0	0	0	0	0	-0.485335148058753	1	1
Amblonyx	0	0	0	0	0	1	0	0	-1.10107188807526	1	0
Amphictis	0	0	0	0	0	1	0	0	-0.551322011479781	1	1
Amphicyon	1	0	0	0	0	0	0	0	1.86363280677908	1	1
Amphicyonopsis	1	0	0	0	0	0	0	0	1.99349036447561	1	0
Amphimachairodus	0	0	1	0	0	0	0	0	1.63257045450344	1	1
Anatolictis	0	0	0	0	0	1	0	0	-0.680882263700381	1	0
Angustictis	0	0	0	0	0	1	0	0	-1.24892990425405	1	0
Aonyx	0	0	0	0	0	1	0	0	0.219080038138692	1	0
Arctictis	0	0	0	0	0	0	0	1	-0.0600481785103564	1	0
Arctodus	0	0	0	0	0	0	1	0	1.77091836802952	0	1
Arctogalidia	0	0	0	0	0	0	0	1	-0.949878111328838	1	0
Arctomeles	0	0	0	0	0	1	0	0	-0.167798191702849	1	1
Arctonasua	0	0	0	0	0	1	0	0	-0.335271582860288	0	1
Arctonyx	0	0	0	0	0	1	0	0	-0.266630990360792	1	0
Arctotherium	0	0	0	0	0	0	1	0	1.89643875588608	0	1
Ballusia	0	0	0	0	0	0	1	0	0.575154569906202	1	0
Baranogale	0	0	0	0	0	1	0	0	-1.77493067657545	1	0
Barbourofelis	0	0	0	1	0	0	0	0	1.48235648246309	1	1
Bassaricyon	0	0	0	0	0	1	0	0	-1.30061679537891	0	1
Bassaricyonoides	0	0	0	0	0	1	0	0	-1.02979867340126	0	1
Bassariscus	0	0	0	0	0	1	0	0	-1.4408212890476	0	1
Bassicyonoides	0	0	0	0	0	1	0	0	-0.186035757643799	0	1
Bathygale	0	0	0	0	0	1	0	0	-0.0318063092611591	1	0
Borophagus	0	1	0	0	0	0	0	0	0.930705211545013	0	1
Brachyopsigale	0	0	0	0	0	1	0	0	-0.868937616432566	0	1
Brachyprotoma	0	0	0	0	0	1	0	0	-1.43867080561743	0	1
Brachypsalis	0	0	0	0	0	1	0	0	-0.348636023520995	0	1
Brevimalictis	0	0	0	0	0	1	0	0	-1.73970279325448	0	1
Broiliana	0	0	0	0	0	1	0	0	-1.24782649021637	1	0
Buisnictis	0	0	0	0	0	1	0	0	-1.50747510640779	0	1
Canimartes	0	0	0	0	0	1	0	0	-0.393217645715749	0	1
Canis	0	1	0	0	0	0	0	0	0.27578703165035	1	1
Caracal	0	0	1	0	0	0	0	0	0.0671504314156345	1	0
Carpocyon	0	1	0	0	0	0	0	0	0.564611939904271	0	1
Cephalogale	0	0	0	0	0	0	1	0	0.763014995150291	1	1
Cerdocyon	0	1	0	0	0	0	0	0	-0.461575043137614	0	1
Cernictis	0	0	0	0	0	1	0	0	-1.24747199357013	0	1
Chamitataxus	0	0	0	0	0	1	0	0	-2.03302566050855	0	1
Chasmaporthetes	0	0	0	0	1	0	0	0	0.981843837708767	1	1
Chrysocyon	0	1	0	0	0	0	0	0	0.648978022704727	0	1
Circamustela	0	0	0	0	0	1	0	0	-1.14116865750464	1	0
Conepatus	0	0	0	0	0	1	0	0	-1.23196965810391	0	1
Cormocyon	0	1	0	0	0	0	0	0	-0.735816502506987	0	1
Crassidia	1	0	0	0	0	0	0	0	2.38340315482476	1	0
Craterogale	0	0	0	0	0	1	0	0	-0.919384960495601	0	1
Crocuta	0	0	0	0	1	0	0	0	1.27227684776976	1	1
Cryptailurus	0	0	0	1	0	0	0	0	0.328671348561292	0	1
Cuon	0	1	0	0	0	0	0	0	0.0941503727600884	1	1
Cynarctoides	0	1	0	0	0	0	0	0	-1.29233091614282	0	1
Cynarctus	0	1	0	0	0	0	0	0	-0.307815793584081	0	1
Cynelos	1	0	0	0	0	0	0	0	1.02388261168886	1	1
Cynogale	0	0	0	0	0	0	0	1	-0.53287244720178	1	0
Cynotherium	0	1	0	0	0	0	0	0	-0.0493262310365786	1	0
Cyrnaonyx	0	0	0	0	0	1	0	0	-0.873022328401985	1	0
Daphoenodon	1	0	0	0	0	0	0	0	1.00058092726933	0	1
Daphoenus	1	0	0	0	0	0	0	0	0.422193955115877	0	1
Desmocyon	0	1	0	0	0	0	0	0	-0.351974743865485	0	1
Dinocrocuta	0	0	0	1	0	0	0	0	0.947145851621774	1	0
Dinocyon	0	0	0	0	0	0	1	0	0.92389164695709	1	0
Dinofelis	0	0	1	0	0	0	0	0	1.44097412111242	1	1
Dinogale	0	0	0	0	0	1	0	0	-0.864388662074493	0	1
Ectopocynus	0	1	0	0	0	0	0	0	0.952825314020244	0	1
Edaphocyon	0	0	0	0	0	1	0	0	-0.859373091289423	0	1
Eira	0	0	0	0	0	1	0	0	-0.617423011900095	0	1
Eirictis	0	0	0	0	0	1	0	0	-0.262796012455434	1	0
Enhydra	0	0	0	0	0	1	0	0	0.152959731561766	1	1
Enhydrictis	0	0	0	0	0	1	0	0	-0.622351931162356	1	0
Enhydriodon	0	0	0	0	0	1	0	0	0.648899697079264	1	0
Enhydritherium	0	0	0	0	0	1	0	0	0.0948307179449932	0	1
Enhydrocyon	0	1	0	0	0	0	0	0	0.831744595676542	0	1
Eomellivora	0	0	0	0	0	1	0	0	0.0988611423213399	1	1
Epicyon	0	1	0	0	0	0	0	0	0.999232396845874	0	1
Epimachairodus	0	0	1	0	0	0	0	0	2.20239147172957	1	0
Euboictis	0	0	0	0	0	0	0	1	-0.840691962484962	1	0
Eucyon	0	1	0	0	0	0	0	0	-0.117815395740306	1	1
Euoplocyon	0	1	0	0	0	0	0	0	0.415774235729754	0	1
Euplocyon	0	1	0	0	0	0	0	0	-0.0253935644317917	0	1
Felis	0	0	1	0	0	0	0	0	-0.412146548029207	1	1
Ferinestrix	0	0	0	0	0	1	0	0	0.246122338250683	0	1
Ferrucyon	0	1	0	0	0	0	0	0	0.581625550099088	0	1
Floridictis	0	0	0	0	0	1	0	0	0.674377628066809	0	1
Franconictis	0	0	0	0	0	1	0	0	-1.04342349356913	1	0
Gaillardina	0	0	0	0	0	1	0	0	0.431880587346728	1	0
Gobicyon	0	1	0	0	0	0	0	0	1.61457664512385	1	0
Grivamephitis	0	0	0	0	0	1	0	0	-1.68490613932586	1	0
Gulo	0	0	0	0	0	1	0	0	0.267211573599993	1	1
Hadrictis	0	0	0	0	0	1	0	0	0.972915835126335	1	0
Haplocyon	1	0	0	0	0	0	0	0	0.932803083025518	1	0
Haplocyonoides	1	0	0	0	0	0	0	0	0.832115972019891	1	0
Helarctos	0	0	0	0	0	0	1	0	0.872117135197208	1	0
Hemicyon	0	0	0	0	0	0	1	0	1.21438025242999	1	1
Herpestes	0	0	0	1	0	0	0	0	-1.09017035302877	1	0
Herpestides	0	0	0	0	0	0	0	1	-0.911804271931549	1	0
Hesperoviverra	0	0	0	0	0	0	0	1	0.190935900117771	1	0
Homotherium	0	0	1	0	0	0	0	0	1.70288526420268	1	1
Hoplictis	0	0	0	0	0	1	0	0	0.0229531018857562	1	1
Hyaena	0	0	0	0	1	0	0	0	0.761587609138367	1	0
Hyaenarctis	0	0	0	0	0	0	1	0	0.0688708500611087	1	0
Hyaenictis	0	0	0	0	1	0	0	0	0.547808474833284	1	0
Hyaenictitherium	0	0	0	0	1	0	0	0	0.260037126493014	1	0
Hyaenotherium	0	0	0	0	1	0	0	0	0.530497693989736	1	0
Hypsoparia	0	0	0	0	0	1	0	0	-0.811766098525748	0	1
Iberictis	0	0	0	0	0	1	0	0	-0.38815016494257	1	0
Ictiocyon	1	0	0	0	0	0	0	0	0.572621168648301	1	0
Ictitherium	0	0	0	0	1	0	0	0	0.23283487687208	1	0
Indarctos	0	0	0	0	0	0	1	0	2.03181122962714	1	1
Ischyrictis	0	0	0	0	0	1	0	0	-0.278517103872203	1	0
Ischyrocyon	1	0	0	0	0	0	0	0	1.88403370238426	0	1
Jourdanictis	0	0	0	0	0	0	0	1	-1.2345491599606	1	0
Kolponomos	0	0	0	0	0	0	1	0	1.41810630862233	0	1
Kretzoiarctos	0	0	0	0	0	0	1	0	1.73256061388212	1	0
Laphyctis	0	0	0	0	0	1	0	0	-0.413740533407402	1	0
Lartetictis	0	0	0	0	0	1	0	0	-0.30801043011507	1	0
Legionarictis	0	0	0	0	0	1	0	0	-0.747548589255514	0	1
Leopardus	0	0	1	0	0	0	0	0	-0.712888992370396	0	1
Leptarctus	0	0	0	0	0	1	0	0	-0.639921347599797	1	1
Leptocyon	0	1	0	0	0	0	0	0	-0.722441249052909	0	1
Leptoplesictis	0	0	0	0	0	0	0	1	-1.39978151570187	1	0
Limnonyx	0	0	0	0	0	1	0	0	-0.266302571595136	1	1
Lontra	0	0	0	0	0	1	0	0	-0.225553620167708	0	1
Lophocyon	0	0	0	0	0	0	0	1	-0.62058522176829	1	0
Lutra	0	0	0	0	0	1	0	0	-0.130413072896864	1	1
Lutraeximia	0	0	0	0	0	1	0	0	0.0823111235341564	1	0
Lutravus	0	0	0	0	0	1	0	0	-0.399167342797006	0	1
Lutrogale	0	0	0	0	0	1	0	0	-0.0526125641201074	1	0
Lycaena	0	0	0	0	1	0	0	0	0.0506227626855383	1	0
Lycaon	0	1	0	0	0	0	0	0	0.718227064644182	1	0
Lycyaena	0	0	0	0	1	0	0	0	0.805675454765559	1	0
Lynx	0	0	1	0	0	0	0	0	-0.0905702560232158	1	1
Machairodus	0	0	1	0	0	0	0	0	0.855706810787214	1	1
Maemohcyon	1	0	0	0	0	0	0	0	1.43896290802477	1	0
Magerictis	0	0	0	0	0	1	0	0	-0.383406056946094	1	0
Magericyon	1	0	0	0	0	0	0	0	2.30482785408379	1	0
Mammacyon	1	0	0	0	0	0	0	0	1.39198942555138	0	1
Marcetia	0	0	0	0	0	1	0	0	-0.583340888832013	1	0
Martes	0	0	0	0	0	1	0	0	-1.19661197659626	1	1
Martinogale	0	0	0	0	0	1	0	0	-1.60805099848423	0	1
Megalenhydris	0	0	0	0	0	1	0	0	0.190958870283529	1	0
Megantereon	0	0	1	0	0	0	0	0	1.15953136781519	1	1
Megaviverra	0	0	0	0	0	0	0	1	-0.430788070029853	1	0
Meiniogale	1	0	0	0	0	0	0	0	2.04730833049358	1	0
Meles	0	0	0	0	0	1	0	0	-0.115156966296017	1	0
Melidellavus	0	0	0	0	0	1	0	0	-0.991347356819373	1	0
Mellivora	0	0	0	0	0	1	0	0	-0.150253970950926	1	0
Melodon	0	0	0	0	0	1	0	0	-0.624160494723771	1	0
Melogale	0	0	0	0	0	1	0	0	-1.17021513560642	1	0
Melursus	0	0	0	0	0	0	1	0	1.28996317511746	1	0
Mephitis	0	0	0	0	0	1	0	0	-1.21711773477834	0	1
Metailurus	0	0	1	0	0	0	0	0	1.02865208978031	1	1
Metalopex	0	1	0	0	0	0	0	0	-0.174450109131369	0	1
Metatomarctus	0	1	0	0	0	0	0	0	-0.340928522191338	0	1
Microtomarctus	0	1	0	0	0	0	0	0	0.267965967077603	0	1
Miohyaenotherium	0	0	0	0	1	0	0	0	1.32737430467276	1	0
Miomachairodus	0	0	1	0	0	0	0	0	1.53802734250561	1	0
Miomaci	0	0	0	0	0	0	1	0	0.888332467141693	1	0
Miomustela	0	0	0	0	0	1	0	0	-1.92387129521521	0	1
Mionictis	0	0	0	0	0	1	0	0	-0.423898724532242	1	1
Miracinonyx	0	0	1	0	0	0	0	0	0.846705374520148	0	1
Mustela	0	0	0	0	0	1	0	0	-1.95049589200941	1	1
Nannomephitis	0	0	0	0	0	1	0	0	-0.832299890237337	1	0
Nasua	0	0	0	0	0	1	0	0	-0.635541461302959	0	1
Negodiaetictis	0	0	0	0	0	1	0	0	-0.666926213306902	0	1
Neofelis	0	0	1	0	0	0	0	0	0.379380404119814	1	0
Neovison	0	0	0	0	0	1	0	0	-1.39844648864338	0	1
Nimravides	0	0	1	0	0	0	0	0	1.37941050160895	0	1
Nimravus	0	0	0	1	0	0	0	0	0.387680451480197	1	0
Nyctereutes	0	1	0	0	0	0	0	0	-0.237417629581668	1	0
Oligobunis	0	0	0	0	0	1	0	0	-0.482523750503324	1	1
Osbornodon	0	1	0	0	0	0	0	0	0.313450180966933	0	1
Osmotherium	0	0	0	0	0	1	0	0	-1.47741895064803	0	1
Pachycrocuta	0	0	0	0	1	0	0	0	1.64526713061157	1	0
Paguma	0	0	0	0	0	0	0	1	-0.56022315716118	1	0
Palaeogale	0	0	0	1	0	0	0	0	-0.907198127055327	1	1
Palinhyaena	0	0	0	0	1	0	0	0	0.377911265407662	1	0
Paludolutra	0	0	0	0	0	1	0	0	0.0493414115873785	1	0
Pannonictis	0	0	0	0	0	1	0	0	-0.944477146924277	1	0
Panthera	0	0	1	0	0	0	0	0	1.33278219924754	1	1
Parabrachypsalis	0	0	0	0	0	1	0	0	-0.278385515825724	0	1
Paracynarctus	0	1	0	0	0	0	0	0	0.251981794286291	0	1
Paradaphoenus	1	0	0	0	0	0	0	0	-0.475264846355524	0	1
Paradoxurus	0	0	0	0	0	0	0	1	-0.822408343993564	1	0
Paragale	0	0	0	0	0	1	0	0	-0.9801796257304	1	0
Parahyaena	0	0	0	0	1	0	0	0	0.51576593592289	1	0
Parailurus	0	0	0	0	0	1	0	0	-0.424093924610974	1	1
Paralutra	0	0	0	0	0	1	0	0	-0.116367449891934	1	0
Paramachaerodus	0	0	1	0	0	0	0	0	1.2551052427277	1	0
Paramartes	0	0	0	0	0	1	0	0	-0.813544866181391	1	0
Parameles	0	0	0	0	0	1	0	0	0.196000564419967	1	0
Paranasua	0	0	0	0	0	1	0	0	-0.0338264932520799	0	1
Paraoligobunus	0	0	0	0	0	1	0	0	-0.884065407423995	0	1
Parapotos	0	0	0	0	0	1	0	0	-0.168978225457706	0	1
Parataxidea	0	0	0	0	0	1	0	0	-0.899288202471247	1	1
Paratomarctus	0	1	0	0	0	0	0	0	0.61287413367574	0	1
Parenhydrocyon	0	1	0	0	0	0	0	0	0.38805446051533	0	1
Pekania	0	0	0	0	0	1	0	0	-0.5962585981332	0	1
Percrocuta	0	0	0	1	0	0	0	0	0.750490531209022	1	0
Perunium	0	0	0	0	0	1	0	0	-0.671419159941404	1	0
Phlaocyon	0	1	0	0	0	0	0	0	-0.399652537053571	0	1
Phoberocyon	0	0	0	0	0	0	1	0	1.48649186018	1	1
Phoberogale	0	0	0	0	0	0	1	0	0.143664753037797	1	0
Plesictis	0	0	0	0	0	1	0	0	-0.867870948466008	1	0
Plesiogale	0	0	0	0	0	1	0	0	-1.2137353397659	1	0
Plesiogulo	0	0	0	0	0	1	0	0	0.624336270198222	1	1
Pliocrocuta	0	0	0	0	1	0	0	0	0.807610146531215	1	0
Pliocyon	1	0	0	0	0	0	0	0	1.78131379357713	0	1
Pliogale	0	0	0	0	0	1	0	0	-1.42411582013909	0	1
Plionarctos	0	0	0	0	0	0	1	0	1.49321347833928	1	1
Plionictis	0	0	0	0	0	1	0	0	-1.34975009363861	0	1
Pliotaxidea	0	0	0	0	0	1	0	0	-1.02073301053597	0	1
Plioviverrops	0	0	0	0	1	0	0	0	-0.249316583366206	1	0
Plithocyon	0	0	0	0	0	0	1	0	1.0635123675983	1	1
Pogonodon	0	0	0	1	0	0	0	0	0.951391307525753	1	0
Polgardia	0	0	0	0	0	1	0	0	-1.06612628740435	1	0
Potamotherium	0	0	0	0	0	1	0	0	-0.31220915455303	1	0
Potos	0	0	0	0	0	1	0	0	-0.776805123304431	0	1
Prionailurus	0	0	1	0	0	0	0	0	-0.466485731428572	1	0
Prionodon	0	0	0	0	0	0	0	1	-1.73907605208657	1	0
Pristifelis	0	0	1	0	0	0	0	0	0.333185187321285	1	0
Pristinailurus	0	0	0	0	0	1	0	0	-0.743564479835942	0	1
Proailurus	0	0	1	0	0	0	0	0	0.0574779397208379	1	0
Probassariscus	0	0	0	0	0	1	0	0	-0.415088199839152	0	1
Procyon	0	0	0	0	0	1	0	0	-0.382486819403835	0	1
Progenetta	0	0	0	0	0	0	0	1	-0.872453789081542	1	0
Promartes	0	0	0	0	0	1	0	0	-0.320270585533916	0	1
Promegantereon	0	0	1	0	0	0	0	0	0.0937400908059442	1	0
Promeles	0	0	0	0	0	1	0	0	-0.669473205303069	1	0
Promephitis	0	0	0	0	0	1	0	0	-0.980729832533495	1	0
Proputorius	0	0	0	0	0	1	0	0	-1.21056353478965	1	0
Prosansanosmilus	0	0	0	1	0	0	0	0	0.276704715581615	1	0
Protarctos	0	0	0	0	0	1	0	0	-1.50790030977382	1	0
Protepicyon	0	1	0	0	0	0	0	0	0.698049783262473	0	1
Protictitherium	0	0	0	0	1	0	0	0	-0.345764685125889	1	0
Protocyon	0	1	0	0	0	0	0	0	0.258037840566622	0	1
Protomarctus	0	1	0	0	0	0	0	0	-0.207918358874046	0	1
Protoprocyon	0	0	0	0	0	1	0	0	-1.28721601847452	0	1
Protursus	0	0	0	0	0	1	0	0	0.284705652225587	1	0
Psalidocyon	0	1	0	0	0	0	0	0	-0.49223205963225	0	1
Pseudaelurus	0	0	1	0	0	0	0	0	0.0286343640409065	1	1
Pseudailurus	0	0	0	1	0	0	0	0	1.1736930790076	1	0
Pseudarctos	1	0	0	0	0	0	0	0	0.755667700529803	1	0
Pseudocyon	1	0	0	0	0	0	0	0	1.98709803750996	1	1
Puijila	0	0	0	0	0	1	0	0	-0.435204355882163	0	1
Puma	0	0	1	0	0	0	0	0	0.438861536507473	1	1
Putorius	0	0	0	0	0	1	0	0	-0.74014640178348	1	0
Rhizosmilodon	0	0	1	0	0	0	0	0	1.16814677219503	0	1
Rhodanictis	0	0	0	0	0	1	0	0	-0.381139456688054	1	0
Sabadellictis	0	0	0	0	0	1	0	0	0.376946439674447	1	0
Sansanosmilus	0	0	0	1	0	0	0	0	1.17100690140403	1	0
Sardolutra	0	0	0	0	0	1	0	0	-0.554600167995343	1	0
Satherium	0	0	0	0	0	1	0	0	-0.025125245543232	0	1
Schlossericyon	0	0	0	0	0	0	0	1	-0.233267041564768	1	0
Semantor	0	0	0	0	0	1	0	0	-1.64265224148122	1	0
Semigenetta	0	0	0	0	0	0	0	1	-0.925597368299532	1	0
Siamogale	0	0	0	0	0	1	0	0	-0.409681485896343	1	0
Simocyon	0	0	0	0	0	1	0	0	0.401968033885072	1	0
Sinictis	0	0	0	0	0	1	0	0	-0.749616967547556	1	0
Sivanasua	0	0	0	0	0	0	0	1	-0.775842545165149	1	0
Sivaonyx	0	0	0	0	0	1	0	0	0.0198174942124593	1	0
Smilodon	0	0	1	0	0	0	0	0	1.78242388497308	0	1
Sminthosinis	0	0	0	0	0	1	0	0	-2.05833784027704	0	1
Spilogale	0	0	0	0	0	1	0	0	-2.04573340351397	0	1
Stenogale	0	0	0	1	0	0	0	0	-0.887143987127466	1	0
Sthenictis	0	0	0	0	0	1	0	0	-0.704697428035825	1	1
Stromeriella	0	0	0	0	0	1	0	0	-0.659138676233583	1	0
Taxidea	0	0	0	0	0	1	0	0	-0.482291859651965	0	1
Taxodon	0	0	0	0	0	1	0	0	-0.674338319025835	1	0
Temnocyon	1	0	0	0	0	0	0	0	0.628691882949148	0	1
Tephrocyon	0	1	0	0	0	0	0	0	0.289773390905131	0	1
Teruelictis	0	0	0	0	0	1	0	0	-0.305943391165354	1	0
Thalassictis	0	0	0	0	1	0	0	0	0.439356003050533	1	0
Thaumastocyon	0	0	0	0	0	0	1	0	1.3802245722202	1	0
Theriodictis	0	1	0	0	0	0	0	0	-0.108215591187781	0	1
Thos	0	1	0	0	0	0	0	0	0.708117053401048	1	0
Tisisthenes	0	0	0	0	0	1	0	0	-1.91734136081062	0	1
Tomarctus	0	1	0	0	0	0	0	0	0.317677222735943	0	1
Tremarctos	0	0	0	0	0	0	1	0	1.58614812537684	0	1
Trigonictis	0	0	0	0	0	1	0	0	-0.55559442731935	0	1
Trocharion	0	0	0	0	0	1	0	0	-1.36120503422428	1	0
Trochictis	0	0	0	0	0	1	0	0	-0.724700071414818	1	0
Trochotherium	0	0	0	0	0	1	0	0	-0.34447604784341	1	0
Tyrrhenolutra	0	0	0	0	0	1	0	0	-0.2094458345682	1	0
Urocyon	0	1	0	0	0	0	0	0	-0.738788725705022	0	1
Ursavus	0	0	0	0	0	0	1	0	0.99592218772473	1	1
Ursulus	0	0	0	0	0	0	1	0	0.564128498307214	1	0
Ursus	0	0	0	0	0	0	1	0	1.60815408100667	1	1
Viretailurus	0	0	1	0	0	0	0	0	0.581465183899046	1	0
Viretictis	0	0	0	1	0	0	0	0	-1.19064693402403	1	0
Vishnufelis	0	0	1	0	0	0	0	0	-0.986969245118055	1	0
Vishnuictis	0	0	0	0	0	0	0	1	-1.04222521580587	1	0
Vishnuonyx	0	0	0	0	0	1	0	0	-0.357724210143566	1	0
Viverra	0	0	0	0	0	0	0	1	-0.0913077811580453	1	0
Viverrictis	0	0	0	0	0	0	0	1	-1.01247643528184	1	0
Viverricula	0	0	0	0	0	0	0	1	-0.795543369343633	1	0
Vormela	0	0	0	0	0	1	0	0	-1.74664771874672	1	0
Vulpes	0	1	0	0	0	0	0	0	-0.818312062957864	1	1
Watay	0	0	0	0	0	1	0	0	-0.718157418543137	0	1
Xenictis	0	0	0	0	0	1	0	0	-2.45372266056964	1	0
Xenocyon	0	1	0	0	0	0	0	0	0.895924837964682	1	1
Xenosmilus	0	0	1	0	0	0	0	0	1.49538073931417	0	1
Ysengrinia	1	0	0	0	0	0	0	0	1.65260906994734	1	1
Zaragocyon	0	0	0	0	0	0	1	0	0.455010144324481	1	0
Zodiolestes	0	0	0	0	0	1	0	0	0.300017882783765	0	1
